Contents of .data section
0x00023000 00000000 00000000 08300200 00000000
0x00023010 00000000 00000000 00000000 00000000
0x00023020 00000000 00000000 00000000 00000000
0x00023030 00000000 00000000 00000000 00000000
0x00023040 02000000 00000000 00000000 00000000
0x00023050 01000000 00000000 01000000 ffffffff
0x00023060 ffffffff ffffffff 00000000 00000000
0x00023070 00000000 00000000 00000000 00000000
0x00023080 01000000 00000000 588d0100 00000000
0x00023090 02000000 00000000 668d0100 00000000
0x000230a0 04000000 00000000 778d0100 00000000
0x000230b0 00000000 00000000 00000000 00000000
0x000230c0 04000000 00000000 858d0100 00000000
0x000230d0 00010000 00000000 948d0100 00000000
0x000230e0 01000000 00000000 a48d0100 00000000
0x000230f0 00001000 00000000 a88d0100 00000000
0x00023100 00002000 00000000 b98d0100 00000000
0x00023110 00004000 00000000 ca8d0100 00000000
0x00023120 00008000 00000000 d88d0100 00000000
0x00023130 00040000 00000000 ed8d0100 00000000
0x00023140 00000100 00000000 ff8d0100 00000000
0x00023150 00000200 00000000 128e0100 00000000
0x00023160 08000000 00000000 258e0100 00000000
0x00023170 00000400 00000000 358e0100 00000000
0x00023180 00000800 00000000 458e0100 00000000
0x00023190 02000000 00000000 5c8e0100 00000000
0x000231a0 00000000 00000000 00000000 00000000
0x000231b0 00000000 00000000 00000000 00000000
0x000231c0 00000000 00000000 658e0100 00000000
0x000231d0 00000000 00000000 00000000 00000000
0x000231e0 01000000 00000000 748e0100 00000000
0x000231f0 00000000 00000000 00000000 00000000
0x00023200 02000000 00000000 8a8e0100 00000000
0x00023210 00000000 00000000 00000000 00000000
0x00023220 03000000 00000000 a08e0100 00000000
0x00023230 00000000 00000000 00000000 00000000
0x00023240 04000000 00000000 b98e0100 00000000
0x00023250 00000000 00000000 00000000 00000000
0x00023260 00000080 00000000 d78e0100 00000000
0x00023270 00000000 00000000 00000000 00000000
0x00023280 00000000 00000000 00000000 00000000
0x00023290 00000000 00000000 00000000 00000000
0x000232a0 01000000 00000000 ea8e0100 00000000
0x000232b0 00000000 00000000 08000000 00000000
0x000232c0 05000000 00000000 f48e0100 00000000
0x000232d0 00000000 00000000 08000000 00000000
0x000232e0 02000000 00000000 008f0100 00000000
0x000232f0 00000000 00000000 08000000 00000000
0x00023300 03000000 00000000 0c8f0100 00000000
0x00023310 00000000 00000000 08000000 00000000
0x00023320 04000000 00000000 188f0100 00000000
0x00023330 00000000 00000000 08000000 00000000
0x00023340 06000000 00000000 248f0100 00000000
0x00023350 00000000 00000000 08000000 00000000
0x00023360 07000000 00000000 328f0100 00000000
0x00023370 00000000 00000000 08000000 00000000
0x00023380 08000000 00000000 408f0100 00000000
0x00023390 00000000 00000000 08000000 00000000
0x000233a0 09000000 00000000 4e8f0100 00000000
0x000233b0 00000000 00000000 08000000 00000000
0x000233c0 00000000 00000000 00000000 00000000
0x000233d0 00000000 00000000 00000000 00000000
0x000233e0 00000000 00000000 5c8f0100 00000000
0x000233f0 00000000 00000000 00000000 00000000
0x00023400 01000000 00000000 c3900100 00000000
0x00023410 00000000 00000000 00000000 00000000
0x00023420 02000000 00000000 728f0100 00000000
0x00023430 00000000 00000000 00000000 00000000
0x00023440 03000000 00000000 7b8f0100 00000000
0x00023450 00000000 00000000 00000000 00000000
0x00023460 04000000 00000000 858f0100 00000000
0x00023470 00000000 00000000 00000000 00000000
0x00023480 05000000 00000000 928f0100 00000000
0x00023490 9f8f0100 00000000 00000000 00000000
0x000234a0 06000000 00000000 a78f0100 00000000
0x000234b0 b58f0100 00000000 00000000 00000000
0x000234c0 46000000 00000000 be8f0100 00000000
0x000234d0 ce8f0100 00000000 00000000 00000000
0x000234e0 40000000 00000000 d98f0100 00000000
0x000234f0 e98f0100 00000000 00000000 00000000
0x00023500 41000000 00000000 f48f0100 00000000
0x00023510 04900100 00000000 00000000 00000000
0x00023520 42000000 00000000 0f900100 00000000
0x00023530 1f900100 00000000 00000000 00000000
0x00023540 66000000 00000000 2a900100 00000000
0x00023550 3c900100 00000000 00000000 00000000
0x00023560 60000000 00000000 49900100 00000000
0x00023570 5b900100 00000000 00000000 00000000
0x00023580 61000000 00000000 68900100 00000000
0x00023590 7a900100 00000000 00000000 00000000
0x000235a0 62000000 00000000 87900100 00000000
0x000235b0 99900100 00000000 00000000 00000000
0x000235c0 07000000 00000000 a6900100 00000000
0x000235d0 00000000 00000000 00000000 00000000
0x000235e0 08000000 00000000 b9900100 00000000
0x000235f0 cc900100 00000000 00000000 00000000
0x00023600 09000000 00000000 da900100 00000000
0x00023610 00000000 00000000 00000000 00000000
0x00023620 0a000000 00000000 e8900100 00000000
0x00023630 00000000 00000000 00000000 00000000
0x00023640 0b000000 00000000 04910100 00000000
0x00023650 00000000 00000000 00000000 00000000
0x00023660 0c000000 00000000 ff900100 00000000
0x00023670 00000000 00000000 00000000 00000000
0x00023680 0d000000 00000000 13910100 00000000
0x00023690 00000000 00000000 00000000 00000000
0x000236a0 0e000000 00000000 0e910100 00000000
0x000236b0 20910100 00000000 00000000 00000000
0x000236c0 47000000 00000000 2d910100 00000000
0x000236d0 41910100 00000000 00000000 00000000
0x000236e0 43000000 00000000 50910100 00000000
0x000236f0 64910100 00000000 00000000 00000000
0x00023700 44000000 00000000 73910100 00000000
0x00023710 87910100 00000000 00000000 00000000
0x00023720 45000000 00000000 96910100 00000000
0x00023730 aa910100 00000000 00000000 00000000
0x00023740 67000000 00000000 b9910100 00000000
0x00023750 cf910100 00000000 00000000 00000000
0x00023760 63000000 00000000 e0910100 00000000
0x00023770 f6910100 00000000 00000000 00000000
0x00023780 64000000 00000000 07920100 00000000
0x00023790 1d920100 00000000 00000000 00000000
0x000237a0 65000000 00000000 2e920100 00000000
0x000237b0 44920100 00000000 00000000 00000000
0x000237c0 10000000 00000000 279a0100 00000000
0x000237d0 00000000 00000000 00000000 00000000
0x000237e0 11000000 00000000 3a9a0100 00000000
0x000237f0 00000000 00000000 00000000 00000000
0x00023800 12000000 00000000 409a0100 00000000
0x00023810 00000000 00000000 00000000 00000000
0x00023820 13000000 00000000 4b9a0100 00000000
0x00023830 00000000 00000000 00000000 00000000
0x00023840 14000000 00000000 589a0100 00000000
0x00023850 00000000 00000000 00000000 00000000
0x00023860 15000000 00000000 659a0100 00000000
0x00023870 00000000 00000000 00000000 00000000
0x00023880 16000000 00000000 729a0100 00000000
0x00023890 00000000 00000000 00000000 00000000
0x000238a0 20000000 00000000 55920100 00000000
0x000238b0 00000000 00000000 00000000 00000000
0x000238c0 21000000 00000000 6a920100 00000000
0x000238d0 00000000 00000000 00000000 00000000
0x000238e0 30000000 00000000 79920100 00000000
0x000238f0 00000000 00000000 00000000 00000000
0x00023900 31000000 00000000 8f920100 00000000
0x00023910 00000000 00000000 00000000 00000000
0x00023920 32000000 00000000 9f920100 00000000
0x00023930 00000000 00000000 00000000 00000000
0x00023940 33000000 00000000 b6920100 00000000
0x00023950 00000000 00000000 00000000 00000000
0x00023960 00010000 00000000 c7920100 00000000
0x00023970 00000000 00000000 00000000 00000000
0x00023980 01010000 00000000 d3920100 00000000
0x00023990 00000000 00000000 00000000 00000000
0x000239a0 02010000 00000000 db920100 00000000
0x000239b0 00000000 00000000 00000000 00000000
0x000239c0 03010000 00000000 e3920100 00000000
0x000239d0 00000000 00000000 00000000 00000000
0x000239e0 04010000 00000000 eb920100 00000000
0x000239f0 00000000 00000000 00000000 00000000
0x00023a00 05010000 00000000 fb920100 00000000
0x00023a10 00000000 00000000 00000000 00000000
0x00023a20 10010000 00000000 07930100 00000000
0x00023a30 00000000 00000000 00000000 00000000
0x00023a40 11010000 00000000 13930100 00000000
0x00023a50 00000000 00000000 00000000 00000000
0x00023a60 20010000 00000000 17930100 00000000
0x00023a70 00000000 00000000 00000000 00000000
0x00023a80 21010000 00000000 23930100 00000000
0x00023a90 00000000 00000000 00000000 00000000
0x00023aa0 22010000 00000000 cf970100 00000000
0x00023ab0 00000000 00000000 00000000 00000000
0x00023ac0 23010000 00000000 2b930100 00000000
0x00023ad0 00000000 00000000 00000000 00000000
0x00023ae0 24010000 00000000 33930100 00000000.......3.......
0x00023af0 00000000 00000000 00000000 00000000
0x00023b00 25010000 00000000 43930100 00000000
0x00023b10 00000000 00000000 00000000 00000000
0x00023b20 30010000 00000000 4f930100 00000000
0x00023b30 00000000 00000000 00000000 00000000
0x00023b40 31010000 00000000 5c930100 00000000
0x00023b50 00000000 00000000 00000000 00000000
0x00023b60 32010000 00000000 69930100 00000000
0x00023b70 00000000 00000000 00000000 00000000
0x00023b80 33010000 00000000 72930100 00000000
0x00023b90 00000000 00000000 00000000 00000000
0x00023ba0 34010000 00000000 7b930100 00000000
0x00023bb0 00000000 00000000 00000000 00000000
0x00023bc0 35010000 00000000 84930100 00000000
0x00023bd0 00000000 00000000 00000000 00000000
0x00023be0 36010000 00000000 95930100 00000000
0x00023bf0 00000000 00000000 00000000 00000000
0x00023c00 38010000 00000000 a2930100 00000000
0x00023c10 00000000 00000000 00000000 00000000
0x00023c20 40010000 00000000 ac930100 00000000
0x00023c30 00000000 00000000 00000000 00000000
0x00023c40 41010000 00000000 b9930100 00000000
0x00023c50 00000000 00000000 00000000 00000000
0x00023c60 42010000 00000000 c2930100 00000000
0x00023c70 00000000 00000000 00000000 00000000
0x00023c80 43010000 00000000 cb930100 00000000
0x00023c90 00000000 00000000 00000000 00000000
0x00023ca0 44010000 00000000 d4930100 00000000
0x00023cb0 00000000 00000000 00000000 00000000
0x00023cc0 45010000 00000000 e5930100 00000000
0x00023cd0 00000000 00000000 00000000 00000000
0x00023ce0 00020000 00000000 f2930100 00000000
0x00023cf0 00000000 00000000 00000000 00000000
0x00023d00 01020000 00000000 f6930100 00000000
0x00023d10 00000000 00000000 00000000 00000000
0x00023d20 02020000 00000000 ff930100 00000000
0x00023d30 00000000 00000000 00000000 00000000
0x00023d40 10020000 00000000 10940100 00000000
0x00023d50 00000000 00000000 00000000 00000000
0x00023d60 11020000 00000000 14940100 00000000
0x00023d70 00000000 00000000 00000000 00000000
0x00023d80 12020000 00000000 1d940100 00000000
0x00023d90 00000000 00000000 00000000 00000000
0x00023da0 20020000 00000000 2e940100 00000000
0x00023db0 00000000 00000000 00000000 00000000
0x00023dc0 21020000 00000000 34940100 00000000
0x00023dd0 00000000 00000000 17000000 00000000
0x00023de0 22020000 00000000 3f940100 00000000
0x00023df0 00000000 00000000 00000000 00000000
0x00023e00 55020000 00000000 f98e0100 00000000
0x00023e10 00000000 00000000 00000000 00000000
0x00023e20 56020000 00000000 52940100 00000000
0x00023e30 00000000 00000000 17000000 00000000
0x00023e40 50020000 00000000 058f0100 00000000
0x00023e50 00000000 00000000 00000000 00000000
0x00023e60 51020000 00000000 5e940100 00000000
0x00023e70 00000000 00000000 17000000 00000000
0x00023e80 60020000 00000000 118f0100 00000000
0x00023e90 00000000 00000000 00000000 00000000
0x00023ea0 61020000 00000000 6a940100 00000000
0x00023eb0 00000000 00000000 17000000 00000000
0x00023ec0 70020000 00000000 1d8f0100 00000000
0x00023ed0 00000000 00000000 00000000 00000000
0x00023ee0 71020000 00000000 76940100 00000000
0x00023ef0 00000000 00000000 17000000 00000000
0x00023f00 b5020000 00000000 839a0100 00000000
0x00023f10 00000000 00000000 00000000 00000000
0x00023f20 b0020000 00000000 929a0100 00000000
0x00023f30 00000000 00000000 00000000 00000000
0x00023f40 c0020000 00000000 a19a0100 00000000
0x00023f50 00000000 00000000 00000000 00000000
0x00023f60 d0020000 00000000 b09a0100 00000000
0x00023f70 00000000 00000000 00000000 00000000
0x00023f80 30020000 00000000 82940100 00000000
0x00023f90 00000000 00000000 00000000 00000000
0x00023fa0 31020000 00000000 8c940100 00000000
0x00023fb0 00000000 00000000 00000000 00000000
0x00023fc0 32020000 00000000 9b940100 00000000
0x00023fd0 00000000 00000000 00000000 00000000
0x00023fe0 40020000 00000000 b2940100 00000000
0x00023ff0 00000000 00000000 00000000 00000000
0x00024000 41020000 00000000 bc940100 00000000
0x00024010 00000000 00000000 00000000 00000000
0x00024020 42020000 00000000 cb940100 00000000
0x00024030 00000000 00000000 00000000 00000000
0x00024040 00030000 00000000 e2940100 00000000
0x00024050 00000000 00000000 00000000 00000000
0x00024060 01030000 00000000 ef940100 00000000
0x00024070 00000000 00000000 00000000 00000000
0x00024080 02030000 00000000 ef970100 00000000
0x00024090 00000000 00000000 00000000 00000000
0x000240a0 03030000 00000000 f8940100 00000000
0x000240b0 00000000 00000000 00000000 00000000
0x000240c0 04030000 00000000 01950100 00000000
0x000240d0 00000000 00000000 00000000 00000000
0x000240e0 05030000 00000000 12950100 00000000
0x000240f0 00000000 00000000 00000000 00000000
0x00024100 10030000 00000000 1f950100 00000000
0x00024110 00000000 00000000 00000000 00000000
0x00024120 11030000 00000000 2d950100 00000000
0x00024130 00000000 00000000 00000000 00000000
0x00024140 12030000 00000000 00980100 00000000
0x00024150 00000000 00000000 00000000 00000000
0x00024160 13030000 00000000 37950100 00000000
0x00024170 00000000 00000000 00000000 00000000
0x00024180 14030000 00000000 41950100 00000000
0x00024190 00000000 00000000 00000000 00000000
0x000241a0 15030000 00000000 53950100 00000000
0x000241b0 00000000 00000000 00000000 00000000
0x000241c0 20030000 00000000 61950100 00000000
0x000241d0 00000000 00000000 00000000 00000000
0x000241e0 21030000 00000000 6f950100 00000000
0x000241f0 00000000 00000000 00000000 00000000
0x00024200 22030000 00000000 25980100 00000000
0x00024210 00000000 00000000 00000000 00000000
0x00024220 23030000 00000000 79950100 00000000
0x00024230 00000000 00000000 00000000 00000000
0x00024240 24030000 00000000 83950100 00000000...............
0x00024250 00000000 00000000 00000000 00000000
0x00024260 25030000 00000000 95950100 00000000
0x00024270 00000000 00000000 00000000 00000000
0x00024280 30030000 00000000 a3950100 00000000
0x00024290 00000000 00000000 00000000 00000000
0x000242a0 31030000 00000000 af950100 00000000
0x000242b0 00000000 00000000 00000000 00000000
0x000242c0 32030000 00000000 b7950100 00000000
0x000242d0 00000000 00000000 00000000 00000000
0x000242e0 33030000 00000000 bf950100 00000000
0x000242f0 00000000 00000000 00000000 00000000
0x00024300 34030000 00000000 c7950100 00000000
0x00024310 00000000 00000000 00000000 00000000
0x00024320 35030000 00000000 d7950100 00000000
0x00024330 00000000 00000000 00000000 00000000
0x00024340 40030000 00000000 e3950100 00000000
0x00024350 00000000 00000000 00000000 00000000
0x00024360 41030000 00000000 f0950100 00000000
0x00024370 00000000 00000000 00000000 00000000
0x00024380 42030000 00000000 f9950100 00000000
0x00024390 00000000 00000000 00000000 00000000
0x000243a0 43030000 00000000 02960100 00000000
0x000243b0 00000000 00000000 00000000 00000000
0x000243c0 44030000 00000000 0b960100 00000000
0x000243d0 00000000 00000000 00000000 00000000
0x000243e0 45030000 00000000 1c960100 00000000
0x000243f0 00000000 00000000 00000000 00000000
0x00024400 50030000 00000000 29960100 00000000
0x00024410 00000000 00000000 00000000 00000000
0x00024420 60030000 00000000 40960100 00000000
0x00024430 00000000 00000000 00000000 00000000
0x00024440 62030000 00000000 59960100 00000000
0x00024450 00000000 00000000 00000000 00000000
0x00024460 63030000 00000000 73960100 00000000
0x00024470 00000000 00000000 00000000 00000000
0x00024480 64030000 00000000 8d960100 00000000
0x00024490 00000000 00000000 00000000 00000000
0x000244a0 65030000 00000000 9f960100 00000000
0x000244b0 00000000 00000000 00000000 00000000
0x000244c0 70030000 00000000 b4960100 00000000
0x000244d0 00000000 00000000 00000000 00000000
0x000244e0 71030000 00000000 cc960100 00000000
0x000244f0 00000000 00000000 00000000 00000000
0x00024500 72030000 00000000 e3960100 00000000
0x00024510 00000000 00000000 00000000 00000000
0x00024520 73030000 00000000 fb960100 00000000
0x00024530 00000000 00000000 00000000 00000000
0x00024540 74030000 00000000 15970100 00000000
0x00024550 00000000 00000000 00000000 00000000
0x00024560 75030000 00000000 2c970100 00000000
0x00024570 00000000 00000000 00000000 00000000
0x00024580 76030000 00000000 42970100 00000000
0x00024590 00000000 00000000 00000000 00000000
0x000245a0 77030000 00000000 59970100 00000000
0x000245b0 00000000 00000000 00000000 00000000
0x000245c0 80030000 00000000 72970100 00000000
0x000245d0 00000000 00000000 00000000 00000000
0x000245e0 81030000 00000000 7f970100 00000000
0x000245f0 00000000 00000000 00000000 00000000
0x00024600 90030000 00000000 8d970100 00000000
0x00024610 00000000 00000000 00000000 00000000
0x00024620 91030000 00000000 a0970100 00000000
0x00024630 00000000 00000000 00000000 00000000
0x00024640 92030000 00000000 b3970100 00000000
0x00024650 00000000 00000000 00000000 00000000
0x00024660 a0030000 00000000 c7970100 00000000
0x00024670 00000000 00000000 00000000 00000000
0x00024680 a1030000 00000000 d7970100 00000000
0x00024690 00000000 00000000 00000000 00000000
0x000246a0 a2030000 00000000 e7970100 00000000
0x000246b0 00000000 00000000 00000000 00000000
0x000246c0 a3030000 00000000 f8970100 00000000
0x000246d0 00000000 00000000 00000000 00000000
0x000246e0 a4030000 00000000 0a980100 00000000
0x000246f0 00000000 00000000 00000000 00000000
0x00024700 a5030000 00000000 1c980100 00000000
0x00024710 00000000 00000000 00000000 00000000
0x00024720 a6030000 00000000 2f980100 00000000
0x00024730 00000000 00000000 00000000 00000000
0x00024740 a7030000 00000000 40980100 00000000
0x00024750 00000000 00000000 00000000 00000000
0x00024760 a8030000 00000000 50980100 00000000
0x00024770 00000000 00000000 00000000 00000000
0x00024780 a9030000 00000000 66980100 00000000
0x00024790 00000000 00000000 00000000 00000000
0x000247a0 aa030000 00000000 7c980100 00000000
0x000247b0 00000000 00000000 00000000 00000000
0x000247c0 ab030000 00000000 91980100 00000000
0x000247d0 00000000 00000000 00000000 00000000
0x000247e0 b0030000 00000000 a5980100 00000000
0x000247f0 00000000 00000000 00000000 00000000
0x00024800 c0030000 00000000 b1980100 00000000
0x00024810 00000000 00000000 00000000 00000000
0x00024820 00040000 00000000 c9980100 00000000
0x00024830 00000000 00000000 00000000 00000000
0x00024840 01040000 00000000 d8980100 00000000
0x00024850 00000000 00000000 00000000 00000000
0x00024860 00100000 00000000 ea980100 00000000
0x00024870 00000000 00000000 00000000 00000000
0x00024880 01100000 00000000 fb980100 00000000
0x00024890 00000000 00000000 00000000 00000000
0x000248a0 02100000 00000000 0a990100 00000000
0x000248b0 00000000 00000000 00000000 00000000
0x000248c0 03100000 00000000 19990100 00000000
0x000248d0 00000000 00000000 00000000 00000000
0x000248e0 04100000 00000000 28990100 00000000
0x000248f0 00000000 00000000 00000000 00000000
0x00024900 05100000 00000000 37990100 00000000
0x00024910 00000000 00000000 00000000 00000000
0x00024920 06100000 00000000 46990100 00000000
0x00024930 00000000 00000000 00000000 00000000
0x00024940 07100000 00000000 55990100 00000000
0x00024950 00000000 00000000 00000000 00000000
0x00024960 08100000 00000000 63990100 00000000
0x00024970 00000000 00000000 00000000 00000000
0x00024980 09100000 00000000 71990100 00000000
0x00024990 00000000 00000000 00000000 00000000
0x000249a0 0a100000 00000000 87990100 00000000
0x000249b0 00000000 00000000 00000000 00000000
0x000249c0 10100000 00000000 97990100 00000000
0x000249d0 00000000 00000000 00000000 00000000
0x000249e0 11100000 00000000 a8990100 00000000
0x000249f0 00000000 00000000 00000000 00000000
0x00024a00 20100000 00000000 b7990100 00000000
0x00024a10 00000000 00000000 00000000 00000000
0x00024a20 30100000 00000000 ca990100 00000000
0x00024a30 00000000 00000000 00000000 00000000
0x00024a40 31100000 00000000 d8990100 00000000
0x00024a50 00000000 00000000 00000000 00000000
0x00024a60 32100000 00000000 e5990100 00000000
0x00024a70 00000000 00000000 00000000 00000000
0x00024a80 33100000 00000000 f1990100 00000000
0x00024a90 00000000 00000000 00000000 00000000
0x00024aa0 34100000 00000000 fe990100 00000000
0x00024ab0 00000000 00000000 00000000 00000000
0x00024ac0 35100000 00000000 0c9a0100 00000000
0x00024ad0 00000000 00000000 00000000 00000000
0x00024ae0 36100000 00000000 1a9a0100 00000000
0x00024af0 00000000 00000000 00000000 00000000
0x00024b00 40100000 00000000 259a0100 00000000
0x00024b10 00000000 00000000 00000000 00000000
0x00024b20 41100000 00000000 389a0100 00000000
0x00024b30 00000000 00000000 00000000 00000000
0x00024b40 42100000 00000000 3e9a0100 00000000
0x00024b50 00000000 00000000 00000000 00000000
0x00024b60 43100000 00000000 499a0100 00000000
0x00024b70 00000000 00000000 00000000 00000000
0x00024b80 44100000 00000000 569a0100 00000000
0x00024b90 00000000 00000000 00000000 00000000
0x00024ba0 45100000 00000000 639a0100 00000000
0x00024bb0 00000000 00000000 00000000 00000000
0x00024bc0 46100000 00000000 709a0100 00000000
0x00024bd0 00000000 00000000 00000000 00000000
0x00024be0 47100000 00000000 7d9a0100 00000000
0x00024bf0 00000000 00000000 00000000 00000000
0x00024c00 48100000 00000000 8c9a0100 00000000
0x00024c10 00000000 00000000 00000000 00000000
0x00024c20 49100000 00000000 9b9a0100 00000000
0x00024c30 00000000 00000000 00000000 00000000
0x00024c40 4a100000 00000000 aa9a0100 00000000
0x00024c50 00000000 00000000 00000000 00000000
0x00024c60 50100000 00000000 b99a0100 00000000
0x00024c70 00000000 00000000 00000000 00000000
0x00024c80 51100000 00000000 c69a0100 00000000
0x00024c90 00000000 00000000 00000000 00000000
0x00024ca0 52100000 00000000 dc9a0100 00000000
0x00024cb0 00000000 00000000 00000000 00000000
0x00024cc0 55100000 00000000 e99a0100 00000000
0x00024cd0 00000000 00000000 00000000 00000000
0x00024ce0 56100000 00000000 019b0100 00000000
0x00024cf0 00000000 00000000 00000000 00000000
0x00024d00 57100000 00000000 1d9b0100 00000000
0x00024d10 00000000 00000000 00000000 00000000
0x00024d20 29400000 00000000 1c9b0100 00000000
0x00024d30 00000000 00000000 00000000 00000000
0x00024d40 60100000 00000000 239b0100 00000000
0x00024d50 00000000 00000000 00000000 00000000
0x00024d60 61100000 00000000 339b0100 00000000
0x00024d70 00000000 00000000 00000000 00000000
0x00024d80 62100000 00000000 429b0100 00000000
0x00024d90 00000000 00000000 00000000 00000000
0x00024da0 63100000 00000000 519b0100 00000000
0x00024db0 00000000 00000000 00000000 00000000
0x00024dc0 64100000 00000000 619b0100 00000000
0x00024dd0 00000000 00000000 00000000 00000000
0x00024de0 65100000 00000000 719b0100 00000000
0x00024df0 00000000 00000000 00000000 00000000
0x00024e00 70100000 00000000 7e9b0100 00000000
0x00024e10 00000000 00000000 00000000 00000000
0x00024e20 80100000 00000000 879b0100 00000000
0x00024e30 00000000 00000000 00000000 00000000
0x00024e40 81100000 00000000 939b0100 00000000
0x00024e50 00000000 00000000 00000000 00000000
0x00024e60 82100000 00000000 9b9b0100 00000000
0x00024e70 00000000 00000000 00000000 00000000
0x00024e80 83100000 00000000 a39b0100 00000000
0x00024e90 00000000 00000000 00000000 00000000
0x00024ea0 84100000 00000000 ab9b0100 00000000
0x00024eb0 00000000 00000000 00000000 00000000
0x00024ec0 85100000 00000000 bb9b0100 00000000
0x00024ed0 00000000 00000000 00000000 00000000
0x00024ee0 86100000 00000000 c79b0100 00000000
0x00024ef0 00000000 00000000 00000000 00000000
0x00024f00 87100000 00000000 cf9b0100 00000000
0x00024f10 00000000 00000000 00000000 00000000
0x00024f20 8a100000 00000000 d79b0100 00000000
0x00024f30 00000000 00000000 00000000 00000000
0x00024f40 00110000 00000000 e09b0100 00000000
0x00024f50 00000000 00000000 00000000 00000000
0x00024f60 01110000 00000000 f59b0100 00000000
0x00024f70 00000000 00000000 00000000 00000000
0x00024f80 02110000 00000000 0a9c0100 00000000
0x00024f90 00000000 00000000 00000000 00000000
0x00024fa0 03110000 00000000 209c0100 00000000
0x00024fb0 00000000 00000000 00000000 00000000
0x00024fc0 04110000 00000000 369c0100 00000000
0x00024fd0 00000000 00000000 00000000 00000000
0x00024fe0 05110000 00000000 4b9c0100 00000000
0x00024ff0 00000000 00000000 00000000 00000000
0x00025000 20120000 00000000 609c0100 00000000
0x00025010 00000000 00000000 00000000 00000000
0x00025020 21120000 00000000 729c0100 00000000
0x00025030 00000000 00000000 00000000 00000000
0x00025040 22120000 00000000 809c0100 00000000
0x00025050 00000000 00000000 00000000 00000000
0x00025060 23120000 00000000 8a9c0100 00000000
0x00025070 00000000 00000000 00000000 00000000
0x00025080 24120000 00000000 989c0100 00000000...............
0x00025090 00000000 00000000 00000000 00000000
0x000250a0 00120000 00000000 ab9c0100 00000000
0x000250b0 00000000 00000000 00000000 00000000
0x000250c0 01120000 00000000 fb7f0100 00000000
0x000250d0 00000000 00000000 00000000 00000000
0x000250e0 04120000 00000000 c29c0100 00000000
0x000250f0 00000000 00000000 00000000 00000000
0x00025100 02120000 00000000 d39c0100 00000000
0x00025110 00000000 00000000 00000000 00000000
0x00025120 051032d4 00000000 ec9c0100 00000000
0x00025130 00000000 00000000 00000000 00000000
0x00025140 061032d4 00000000 079d0100 00000000
0x00025150 00000000 00000000 00000000 00000000
0x00025160 071032d4 00000000 159d0100 00000000
0x00025170 00000000 00000000 00000000 00000000
0x00025180 081032d4 00000000 c0d00100 00000000
0x00025190 00000000 00000000 00000000 00000000
0x000251a0 091032d4 00000000 e0d00100 00000000
0x000251b0 00000000 00000000 00000000 00000000
0x000251c0 10120000 00000000 e29c0100 00000000
0x000251d0 00000000 00000000 00000000 00000000
0x000251e0 11120000 00000000 299d0100 00000000
0x000251f0 00000000 00000000 00000000 00000000
0x00025200 121032d4 00000000 389d0100 00000000
0x00025210 00000000 00000000 00000000 00000000
0x00025220 131032d4 00000000 499d0100 00000000
0x00025230 00000000 00000000 00000000 00000000
0x00025240 141032d4 00000000 5a9d0100 00000000
0x00025250 00000000 00000000 00000000 00000000
0x00025260 151032d4 00000000 709d0100 00000000
0x00025270 00000000 00000000 00000000 00000000
0x00025280 00200000 00000000 869d0100 00000000
0x00025290 00000000 00000000 00000000 00000000
0x000252a0 01200000 00000000 989d0100 00000000
0x000252b0 00000000 00000000 00000000 00000000
0x000252c0 02200000 00000000 ae9d0100 00000000
0x000252d0 00000000 00000000 00000000 00000000
0x000252e0 09210000 00000000 c59d0100 00000000
0x000252f0 00000000 00000000 00000000 00000000
0x00025300 00000000 00000000 00000000 00000000
0x00025310 00000000 00000000 00000000 00000000
0x00025320 00d10100 00000000 00000000 00000000
0x00025330 00000000 00000000 00000000 00000000
0x00025340 20d10100 00000000 d29d0100 00000000
0x00025350 f09d0100 00000000 059e0100 00000000
0x00025360 68d10100 00000000 1c9e0100 00000000
0x00025370 90d10100 00000000 329e0100 00000000
0x00025380 b8d10100 00000000 419e0100 00000000
0x00025390 539e0100 00000000 659e0100 00000000
0x000253a0 709e0100 00000000 799e0100 00000000
0x000253b0 d8d10100 00000000 10d20100 00000000
0x000253c0 68d20100 00000000 d0d20100 00000000
0x000253d0 28d30100 00000000 b8d30100 00000000
0x000253e0 889e0100 00000000 18d40100 00000000
0x000253f0 60d40100 00000000 a8d40100 00000000
0x00025400 d0d40100 00000000 f8d40100 00000000
0x00025410 40d50100 00000000 90d50100 00000000
0x00025420 a19e0100 00000000 c8d50100 00000000
0x00025430 b19e0100 00000000 c59e0100 00000000
0x00025440 40d60100 00000000 f8d60100 00000000
0x00025450 48d70100 00000000 d0d70100 00000000
0x00025460 d49e0100 00000000 00d80100 00000000
0x00025470 30d80100 00000000 68d80100 00000000
0x00025480 b0d80100 00000000 f8d80100 00000000
0x00025490 40d90100 00000000 80d90100 00000000
0x000254a0 d0d90100 00000000 f29e0100 00000000
0x000254b0 18da0100 00000000 38da0100 00000000
0x000254c0 60da0100 00000000 90da0100 00000000
0x000254d0 b8da0100 00000000 e0da0100 00000000
0x000254e0 10db0100 00000000 48db0100 00000000
0x000254f0 0f9f0100 00000000 88db0100 00000000
0x00025500 269f0100 00000000 c0db0100 00000000
0x00025510 08dc0100 00000000 58dc0100 00000000
0x00025520 90dc0100 00000000 d0dc0100 00000000
0x00025530 10dd0100 00000000 60dd0100 00000000
0x00025540 a8dd0100 00000000 f8dd0100 00000000
0x00025550 38de0100 00000000 a0de0100 00000000
0x00025560 d8de0100 00000000 10df0100 00000000
0x00025570 40df0100 00000000 a0df0100 00000000
0x00025580 c8df0100 00000000 3e9f0100 00000000
