Contents of .data section
0x00168aa0 a08a1600 00000000 00000000 00000000
0x00168ab0 00000000 00000000 00000000 00000000
0x00168ac0 75211200 00000000 04000000 02000000
0x00168ad0 0c000000 00000000 00000000 00000000
0x00168ae0 00000000 00000000 65571000 00000000
0x00168af0 04000000 02000000 0c000000 00000000
0x00168b00 00000000 00000000 00000000 00000000
0x00168b10 00000000 00000000 00000000 00000000
0x00168b20 00000000 00000000 00000000 00000000
0x00168b30 00000000 00000000 00000000 00000000
0x00168b40 18631000 00000000 81000000 10000020
0x00168b50 00000000 00000000 00000000 00000000
0x00168b60 00000000 00000000 00000000 00000000
0x00168b70 00000000 00000000 00000000 00000000
0x00168b80 00000000 00000000 00000000 00000000
0x00168b90 00000000 00000000 00000000 00000000
0x00168ba0 4c7d1000 00000000 667d1000 00000000
0x00168bb0 e08b1600 00000000 00000000 00000000
0x00168bc0 00000000 00000000 00000000 00000000
0x00168bd0 00000000 00000000 00000000 00000000
0x00168be0 d0b30200 00000000 10d80200 00000000
0x00168bf0 00000000 00000000 20e70200 00000000
0x00168c00 20e50200 00000000 20e30200 00000000
0x00168c10 00000000 00000000 c0e00200 00000000
0x00168c20 f0de0200 00000000 30dd0200 00000000
0x00168c30 60db0200 00000000 d0cd0200 00000000
0x00168c40 e0c70200 00000000 c0bc0200 00000000
0x00168c50 00000000 00000000 00000000 00000000
0x00168c60 a0bb0200 00000000 00ca0200 00000000
0x00168c70 90e90200 00000000 a0d80200 00000000
0x00168c80 00000000 00000000 00000000 00000000
0x00168c90 a0b90200 00000000 60b70200 00000000
0x00168ca0 00000000 00000000 e0b30200 00000000
0x00168cb0 00000000 00000000 c0c00200 00000000
0x00168cc0 00be0200 00000000 b0ef0200 00000000
0x00168cd0 40b50200 00000000 00000000 00000000
0x00168ce0 00000000 00000000 00000000 00000000
0x00168cf0 00000000 00000000 00000000 00000000
0x00168d00 00000000 00000000 00000000 00000000
0x00168d10 00000000 00000000 00000000 00000000
0x00168d20 35fc1100 00000000 04000000 04000000
0x00168d30 04000000 00000000 00000000 00000000
0x00168d40 00000000 00000000 00000000 00000000
0x00168d50 00000000 00000000 00000000 00000000
0x00168d60 00000000 00000000 00000000 00000000
0x00168d70 00000000 00000000 00000000 00000000
0x00168d80 3eb11000 00000000 04000000 04000000
0x00168d90 04000000 00000000 00000000 00000000
0x00168da0 00000000 00000000 00000000 00000000
0x00168db0 00000000 00000000 00000000 00000000
0x00168dc0 00000000 00000000 00000000 00000000
0x00168dd0 00000000 00000000 00000000 00000000
0x00168de0 47b11000 00000000 04000000 04000000
0x00168df0 04000000 00000000 00000000 00000000
0x00168e00 00000000 00000000 00000000 00000000
0x00168e10 00000000 00000000 00000000 00000000
0x00168e20 00000000 00000000 00000000 00000000
0x00168e30 00000000 00000000 00000000 00000000
0x00168e40 34b11000 00000000 04000000 02000000
0x00168e50 0c000000 00000000 00000000 00000000
0x00168e60 00000000 00000000 4ab11000 00000000
0x00168e70 04000000 02000000 0c000000 00000000
0x00168e80 00000000 00000000 00000000 00000000
0x00168e90 51b11000 00000000 04000000 02000000
0x00168ea0 0c000000 00000000 00000000 00000000
0x00168eb0 00000000 00000000 58b11000 00000000
0x00168ec0 04000000 02000000 0c000000 00000000
0x00168ed0 00000000 00000000 00000000 00000000
0x00168ee0 00000000 00000000 00000000 00000000
0x00168ef0 00000000 00000000 00000000 00000000
0x00168f00 00000000 00000000 00000000 00000000
0x00168f10 00000000 00000000 00000000 00000000
0x00168f20 65f81100 00000000 04000000 02000000
0x00168f30 0c000000 00000000 00000000 00000000
0x00168f40 00000000 00000000 677f1200 00000000
0x00168f50 04000000 02000000 0c000000 00000000
0x00168f60 00000000 00000000 00000000 00000000
0x00168f70 00000000 00000000 00000000 00000000
0x00168f80 00000000 00000000 00000000 00000000
0x00168f90 00000000 00000000 00000000 00000000
0x00168fa0 5fb11000 00000000 81000000 10000020
0x00168fb0 00000000 00000000 00000000 00000000
0x00168fc0 00000000 00000000 00000000 00000000
0x00168fd0 00000000 00000000 00000000 00000000
0x00168fe0 00000000 00000000 00000000 00000000
0x00168ff0 00000000 00000000 00000000 00000000
0x00169000 81000000 01000000 02000000 48030000
0x00169010 8dbb0100 02000000 07000000 ffffffff
0x00169020 00000000 00000000 00000000 00000000
0x00169030 00000000 00000000 00000000 00000000
0x00169040 00000000 00000000 00000000 00000000
0x00169050 00000000 00000000 00000000 00000000
0x00169060 81000000 01000000 03000000 06000000
0x00169070 01000000 05000000 05000000 08000000
0x00169080 01000000 02000000 ffffffff 00000000
0x00169090 00000000 00000000 00000000 00000000
0x001690a0 00000000 00000000 00000000 00000000
0x001690b0 00000000 00000000 00000000 00000000
0x001690c0 81000000 01000000 03000000 0e000000
0x001690d0 03000000 02000000 1a000000 ffffffff
0x001690e0 00000000 00000000 00000000 00000000
0x001690f0 00000000 00000000 00000000 00000000
0x00169100 00000000 00000000 00000000 00000000
0x00169110 00000000 00000000 00000000 00000000
0x00169120 80000000 01000000 02000000 48030000
0x00169130 8dbb0100 02000000 05000000 ffffffff
0x00169140 00000000 00000000 00000000 00000000
0x00169150 00000000 00000000 00000000 00000000
0x00169160 00000000 00000000 00000000 00000000
0x00169170 00000000 00000000 00000000 00000000
0x00169180 01000000 01000000 02000000 48030000
0x00169190 38270000 04000000 03000000 ffffffff
0x001691a0 00000000 00000000 00000000 00000000
0x001691b0 00000000 00000000 00000000 00000000
0x001691c0 00000000 00000000 00000000 00000000
0x001691d0 00000000 00000000 00000000 00000000
0x001691e0 00000000 01000000 02000000 48030000
0x001691f0 8dbb0100 01000000 01000000 01000000
0x00169200 ffffffff 00000000 00000000 00000000
0x00169210 00000000 00000000 00000000 00000000
0x00169220 00000000 00000000 00000000 00000000
0x00169230 00000000 00000000 00000000 00000000
0x00169240 40000000 01000000 03000000 0e000000
0x00169250 03000000 02000000 07000000 ffffffff
0x00169260 00000000 00000000 00000000 00000000
0x00169270 00000000 00000000 00000000 00000000
0x00169280 00000000 00000000 409a0400 00000000
0x00169290 d09c0400 00000000 00000000 00000000
0x001692a0 41000000 01000000 02000000 48030000
0x001692b0 8dbb0100 03000000 07000000 ffffffff
0x001692c0 00000000 00000000 00000000 00000000
0x001692d0 00000000 00000000 00000000 00000000
0x001692e0 00000000 00000000 409a0400 00000000
0x001692f0 d09c0400 00000000 00000000 00000000
0x00169300 42000000 01000000 02000000 52110000
0x00169310 05040100 03000000 07000000 ffffffff
0x00169320 00000000 00000000 00000000 00000000
0x00169330 00000000 00000000 00000000 00000000
0x00169340 00000000 00000000 00000000 00000000
0x00169350 00000000 00000000 00000000 00000000
0x00169360 03000000 01000000 02000000 83020000
0x00169370 02000000 02000000 13000000 ffffffff
0x00169380 00000000 00000000 00000000 00000000
0x00169390 00000000 00000000 00000000 00000000
0x001693a0 00000000 00000000 90980400 00000000
0x001693b0 709d0400 00000000 00000000 00000000
0x001693c0 c0000000 01000000 02000000 48030000
0x001693d0 8dbb0100 01000000 05000000 0c000000
0x001693e0 ffffffff 00000000 00000000 00000000
0x001693f0 00000000 00000000 00000000 00000000
0x00169400 00000000 00000000 10a10400 00000000
0x00169410 e09b0400 00000000 00000000 00000000
0x00169420 00010000 01000000 02000000 48030000
0x00169430 8dbb0100 01000000 05000000 0d000000
0x00169440 ffffffff 00000000 00000000 00000000
0x00169450 00000000 00000000 00000000 00000000
0x00169460 00000000 00000000 809f0400 00000000
0x00169470 309b0400 00000000 c0ab0400 00000000
0x00169480 02000000 01000000 02000000 48030000
0x00169490 3d270000 02000000 01000000 ffffffff
0x001694a0 00000000 00000000 00000000 00000000
0x001694b0 00000000 00000000 00000000 00000000
0x001694c0 00000000 00000000 a0a20400 00000000
0x001694d0 a09e0400 00000000 009a0400 00000000
0x001694e0 04000000 01000000 03000000 65000000
0x001694f0 70000000 ffffffff 00000000 00000000
0x00169500 00000000 00000000 00000000 00000000
0x00169510 00000000 00000000 00000000 00000000
0x00169520 00000000 00000000 00000000 00000000
0x00169530 00000000 00000000 00000000 00000000
0x00169540 05000000 01000000 03000000 65000000
0x00169550 6e000000 ffffffff 00000000 00000000
0x00169560 00000000 00000000 00000000 00000000
0x00169570 00000000 00000000 00000000 00000000
0x00169580 00000000 00000000 00000000 00000000
0x00169590 00000000 00000000 00000000 00000000
0x001695a0 ffffffff ffffffff 00000000 00000000
0x001695b0 00000000 00000000 00000000 00000000
0x001695c0 00000000 00000000 00000000 00000000
0x001695d0 00000000 00000000 00000000 00000000
0x001695e0 00000000 00000000 00000000 00000000
0x001695f0 00000000 00000000 00000000 00000000
0x00169600 1dc31000 00000000 04000000 04000000
0x00169610 00000000 00000000 00000000 00000000
0x00169620 00000000 00000000 00000000 00000000
0x00169630 00000000 00000000 00000000 00000000
0x00169640 00000000 00000000 00000000 00000000
0x00169650 00000000 00000000 00000000 00000000
0x00169660 61531000 00000000 20df0b00 00000000
0x00169670 a2c61000 00000000 c0980b00 00000000
0x00169680 4a531000 00000000 40a20b00 00000000
0x00169690 adc61000 00000000 b09d0b00 00000000
0x001696a0 b5c61000 00000000 c0ac0b00 00000000
0x001696b0 00000000 00000000 00000000 00000000
0x001696c0 00541000 00000000 70540b00 00000000
0x001696d0 bec61000 00000000 805b0b00 00000000
0x001696e0 df531000 00000000 406f0b00 00000000
0x001696f0 c7c61000 00000000 008a0b00 00000000
0x00169700 ef531000 00000000 103f0c00 00000000
0x00169710 e4531000 00000000 60c60b00 00000000
0x00169720 eb531000 00000000 90d50b00 00000000
0x00169730 ba531000 00000000 809e0c00 00000000
0x00169740 73531000 00000000 504f0c00 00000000
0x00169750 cec61000 00000000 40d70b00 00000000
0x00169760 d8c61000 00000000 00ec0b00 00000000
0x00169770 dec61000 00000000 50270c00 00000000
0x00169780 d1531000 00000000 40750c00 00000000
0x00169790 e7c61000 00000000 80aa0c00 00000000
0x001697a0 ecc61000 00000000 10ab0c00 00000000
0x001697b0 f1c61000 00000000 30b70c00 00000000
0x001697c0 08541000 00000000 b0bf0c00 00000000
0x001697d0 c2531000 00000000 40870c00 00000000
0x001697e0 f8c61000 00000000 d08e0c00 00000000
0x001697f0 af531000 00000000 60ca0c00 00000000
0x00169800 b7c61000 00000000 605c0b00 00000000
0x00169810 16541000 00000000 f0a50c00 00000000
0x00169820 00000000 00000000 00000000 00000000
0x00169830 63d01000 00000000 68d01000 00000000
0x00169840 00000000 00000000 00000000 00000000
0x00169850 00000000 00000000 00000000 00000000
0x00169860 75e11000 00000000 21de1000 00000000
0x00169870 c0071700 00000000 00000000 00000000
0x00169880 ace41000 00000000 81000000 10000020
0x00169890 00000000 00000000 00000000 00000000
0x001698a0 00000000 00000000 00000000 00000000
0x001698b0 00000000 00000000 00000000 00000000
0x001698c0 00000000 00000000 00000000 00000000
0x001698d0 00000000 00000000 00000000 00000000
0x001698e0 bde41000 00000000 81000000 010000a0
0x001698f0 04000000 00000000 00000000 00000000
0x00169900 00000000 00000000 cce41000 00000000
0x00169910 81000000 020000a0 04000000 00000000
0x00169920 00000000 00000000 00000000 00000000
0x00169930 dae41000 00000000 81000000 030000a0
0x00169940 04000000 00000000 00000000 00000000
0x00169950 00000000 00000000 eae41000 00000000
0x00169960 81000000 040000a0 04000000 00000000
0x00169970 00000000 00000000 00000000 00000000
0x00169980 00000000 00000000 00000000 00000000
0x00169990 00000000 00000000 00000000 00000000
0x001699a0 00000000 00000000 00000000 00000000
0x001699b0 00000000 00000000 00000000 00000000
0x001699c0 90e51000 00000000 04000000 12000000
0x001699d0 04000000 00000000 00000000 00000000
0x001699e0 00000000 00000000 00000000 00000000
0x001699f0 00000000 00000000 00000000 00000000
0x00169a00 00000000 00000000 00000000 00000000
0x00169a10 00000000 00000000 00000000 00000000
0x00169a20 a2e51000 00000000 04000000 04000000
0x00169a30 04000000 00000000 00000000 00000000
0x00169a40 00000000 00000000 00000000 00000000
0x00169a50 00000000 00000000 00000000 00000000
0x00169a60 00000000 00000000 00000000 00000000
0x00169a70 00000000 00000000 00000000 00000000
0x00169a80 9be51000 00000000 04000000 02000000
0x00169a90 00000000 00000000 00000000 00000000
0x00169aa0 00000000 00000000 00000000 00000000
0x00169ab0 00000000 00000000 00000000 00000000
0x00169ac0 00000000 00000000 00000000 00000000
0x00169ad0 00000000 00000000 00000000 00000000
0x00169ae0 afe51000 00000000 01000000 01000000
0x00169af0 00000000 00000000 00000000 00000000
0x00169b00 00000000 00000000 00000000 00000000
0x00169b10 00000000 00000000 00000000 00000000
0x00169b20 00000000 00000000 00000000 00000000
0x00169b30 00000000 00000000 00000000 00000000
0x00169b40 3ee71000 00000000 dd531000 00000000
0x00169b50 80081700 00000000 00000000 00000000
0x00169b60 00000000 00000000 00000000 00000000
0x00169b70 00000000 00000000 00000000 00000000
0x00169b80 61ef1000 00000000 69531000 00000000
0x00169b90 e00a1700 00000000 00000000 00000000
0x00169ba0 00000000 00000000 00000000 00000000
0x00169bb0 00000000 00000000 00000000 00000000
0x00169bc0 10f41000 00000000 7ef11000 00000000
0x00169bd0 200c1700 00000000 00000000 00000000
0x00169be0 00000000 00000000 00000000 00000000
0x00169bf0 00000000 00000000 00000000 00000000
0x00169c00 bffa1000 00000000 b7c61000 00000000
0x00169c10 600d1700 00000000 00000000 00000000
0x00169c20 00000000 00000000 00000000 00000000
0x00169c30 00000000 00000000 00000000 00000000
0x00169c40 f3041100 00000000 df531000 00000000
0x00169c50 c00e1700 00000000 00000000 00000000
0x00169c60 00000000 00000000 00000000 00000000
0x00169c70 00000000 00000000 00000000 00000000
0x00169c80 f80a1100 00000000 67511000 00000000
0x00169c90 00101700 00000000 00000000 00000000
0x00169ca0 00000000 00000000 00000000 00000000
0x00169cb0 00000000 00000000 00000000 00000000
0x00169cc0 800f1100 00000000 d8531000 00000000
0x00169cd0 60111700 00000000 00000000 00000000
0x00169ce0 00000000 00000000 00000000 00000000
0x00169cf0 00000000 00000000 00000000 00000000
0x00169d00 dc151100 00000000 7d531000 00000000
0x00169d10 c0121700 00000000 00000000 00000000
0x00169d20 00000000 00000000 00000000 00000000
0x00169d30 00000000 00000000 00000000 00000000
0x00169d40 4f70656e 50475020 63617264 00000000
0x00169d50 00000000 00000000 00000000 00000000
0x00169d60 00000000 00000000 00000000 00000000
0x00169d70 00000000 00000000 00000000 00000000
0x00169d80 00000000 00000000 00000000 00000000
0x00169d90 00000000 00000000 00000000 00000000
0x00169da0 00000000 00000000 00000000 00000000
0x00169db0 00000000 00000000 00000000 00000000
0x00169dc0 00000000 00000000 00000000 00000000
0x00169dd0 00000000 00000000 00000000 00000000
0x00169de0 00000000 00000000 00000000 00000000
0x00169df0 00000000 00000000 00000000 00000000
0x00169e00 00000000 00000000 00000000 00000000
0x00169e10 00000000 00000000 00000000 00000000
0x00169e20 00000000 00000000 00000000 00000000
0x00169e30 00000000 00000000 00000000 00000000
0x00169e40 00000000 00000000 00000000 00000000
0x00169e50 00000000 00000000 00000000 00000000
0x00169e60 01000000 02000000 48030000 3d270000
0x00169e70 03000000 01000000 07000000 ffffffff
0x00169e80 00000000 00000000 00000000 00000000
0x00169e90 00000000 00000000 00000000 00000000
0x00169ea0 00010000 00000000 01000000 03000000
0x00169eb0 84000000 00000000 0a000000 ffffffff
0x00169ec0 00000000 00000000 00000000 00000000
0x00169ed0 00000000 00000000 00000000 00000000
0x00169ee0 00000000 00000000 00010000 00000000
0x00169ef0 01000000 03000000 06000000 01000000
0x00169f00 04000000 01000000 d50b0000 01000000
0x00169f10 05000000 01000000 ffffffff 00000000
0x00169f20 00000000 00000000 00000000 00000000
0x00169f30 00010000 00000000 01000000 03000000
0x00169f40 06000000 01000000 04000000 01000000
0x00169f50 472d0000 0f000000 01000000 ffffffff
0x00169f60 00000000 00000000 00000000 00000000
0x00169f70 00000000 00000000 00010000 00000000
0x00169f80 ffffffff 00000000 00000000 00000000
0x00169f90 00000000 00000000 00000000 00000000
0x00169fa0 00000000 00000000 00000000 00000000
0x00169fb0 00000000 00000000 00000000 00000000
0x00169fc0 00000000 00000000 00000000 00000000
0x00169fd0 00000000 00000000 00000000 00000000
0x00169fe0 01000000 03000000 06000000 01000000
0x00169ff0 04000000 01000000 d50b0000 01000000
0x0016a000 05000000 01000000 ffffffff 00000000
0x0016a010 00000000 00000000 00000000 00000000
0x0016a020 01000000 03000000 06000000 01000000
0x0016a030 04000000 01000000 d50b0000 01000000
0x0016a040 05000000 01000000 ffffffff 00000000
0x0016a050 00000000 00000000 00000000 00000000
0x0016a060 00010000 00000000 01000000 03000000
0x0016a070 06000000 01000000 04000000 01000000
0x0016a080 472d0000 0f000000 01000000 ffffffff
0x0016a090 00000000 00000000 00000000 00000000
0x0016a0a0 00000000 00000000 00010000 00000000
0x0016a0b0 01000000 02000000 48030000 3d270000
0x0016a0c0 03000000 01000000 07000000 ffffffff
0x0016a0d0 00000000 00000000 00000000 00000000
0x0016a0e0 00000000 00000000 00000000 00000000
0x0016a0f0 00010000 00000000 01000000 03000000
0x0016a100 84000000 00000000 22000000 ffffffff
0x0016a110 00000000 00000000 00000000 00000000
0x0016a120 00000000 00000000 00000000 00000000
0x0016a130 00000000 00000000 80010000 00000000
0x0016a140 01000000 03000000 84000000 00000000
0x0016a150 23000000 ffffffff 00000000 00000000
0x0016a160 00000000 00000000 00000000 00000000
0x0016a170 00000000 00000000 00000000 00000000
0x0016a180 09020000 00000000 01000000 03000000
0x0016a190 24000000 03000000 03000000 02000000...............
0x0016a1a0 08000000 01000000 01000000 07000000
0x0016a1b0 ffffffff 00000000 00000000 00000000
0x0016a1c0 00000000 00000000 00010000 00000000
0x0016a1d0 01000000 03000000 24000000 03000000
0x0016a1e0 03000000 02000000 08000000 01000000
0x0016a1f0 01000000 0b000000 ffffffff 00000000
0x0016a200 00000000 00000000 00000000 00000000
0x0016a210 80010000 00000000 01000000 03000000
0x0016a220 24000000 03000000 03000000 02000000...............
0x0016a230 08000000 01000000 01000000 0d000000
0x0016a240 ffffffff 00000000 00000000 00000000
0x0016a250 00000000 00000000 00020000 00000000
0x0016a260 ffffffff 00000000 00000000 00000000
0x0016a270 00000000 00000000 00000000 00000000
0x0016a280 00000000 00000000 00000000 00000000
0x0016a290 00000000 00000000 00000000 00000000
0x0016a2a0 00000000 00000000 00000000 00000000
0x0016a2b0 00000000 00000000 00000000 00000000
0x0016a2c0 d9000000 01000000 18140000 00000000
0x0016a2d0 00000000 00000000 00000000 00000000
0x0016a2e0 da000000 01000000 18140000 00000000
0x0016a2f0 00000000 00000000 00000000 00000000
0x0016a300 db000000 01000000 18140000 00000000
0x0016a310 00000000 00000000 00000000 00000000
0x0016a320 dc000000 01000000 18140000 00000000
0x0016a330 00000000 00000000 00000000 00000000
0x0016a340 de000000 01000000 18140000 00000000
0x0016a350 00000000 00000000 00000000 00000000
0x0016a360 de000000 01000000 18100000 00000000
0x0016a370 00000000 00000000 00000000 00000000
0x0016a380 fa000000 04000000 18100000 00000000
0x0016a390 00000000 00000000 00000000 00000000
0x0016a3a0 fb000000 01000000 18140000 00000000
0x0016a3b0 00000000 00000000 00000000 00000000
0x0016a3c0 fc000000 01000000 18100000 00000000
0x0016a3d0 00000000 00000000 00000000 00000000
0x0016a3e0 f9000000 01000000 18140000 00000000
0x0016a3f0 00000000 00000000 00000000 00000000
0x0016a400 d6000000 01000000 18140000 00000000
0x0016a410 00000000 00000000 00000000 00000000
0x0016a420 d7000000 01000000 18140000 00000000
0x0016a430 00000000 00000000 00000000 00000000
0x0016a440 d8000000 01000000 18140000 00000000
0x0016a450 00000000 00000000 00000000 00000000
0x0016a460 667f0000 01000000 18100000 00000000
0x0016a470 00000000 00000000 00000000 00000000
0x0016a480 747f0000 01000000 18100000 00000000
0x0016a490 00000000 00000000 00000000 00000000
0x0016a4a0 d5000000 01000000 10140000 00000000
0x0016a4b0 00000000 00000000 00000000 00000000
0x0016a4c0 4d000000 04000000 10140000 00000000
0x0016a4d0 00000000 00000000 00000000 00000000
0x0016a4e0 4f000000 01000000 18100000 00000000
0x0016a4f0 00000000 00000000 00000000 00000000
0x0016a500 5b000000 01000000 18140000 00000000
0x0016a510 00000000 00000000 00000000 00000000
0x0016a520 5e000000 01000000 18140000 00000000
0x0016a530 00000000 00000000 00000000 00000000
0x0016a540 65000000 04000000 18100000 00000000
0x0016a550 00000000 00000000 00000000 00000000
0x0016a560 6e000000 04000000 18100000 00000000
0x0016a570 00000000 00000000 00000000 00000000
0x0016a580 73000000 04000000 18100000 00000000
0x0016a590 00000000 00000000 00000000 00000000
0x0016a5a0 7a000000 04000000 18100000 00000000
0x0016a5b0 00000000 00000000 00000000 00000000
0x0016a5c0 81000000 01000000 18100000 00000000
0x0016a5d0 00000000 00000000 00000000 00000000
0x0016a5e0 82000000 01000000 18100000 00000000
0x0016a5f0 00000000 00000000 00000000 00000000
0x0016a600 93000000 01000000 18100000 00000000
0x0016a610 00000000 00000000 00000000 00000000
0x0016a620 c0000000 01000000 18100000 00000000
0x0016a630 00000000 00000000 00000000 00000000
0x0016a640 c1000000 01000000 18140000 00000000
0x0016a650 00000000 00000000 00000000 00000000
0x0016a660 c2000000 01000000 18140000 00000000
0x0016a670 00000000 00000000 00000000 00000000
0x0016a680 c3000000 01000000 18140000 00000000
0x0016a690 00000000 00000000 00000000 00000000
0x0016a6a0 c4000000 01000000 18140000 00000000
0x0016a6b0 00000000 00000000 00000000 00000000
0x0016a6c0 c5000000 01000000 18140000 00000000
0x0016a6d0 00000000 00000000 00000000 00000000
0x0016a6e0 c6000000 01000000 18140000 00000000
0x0016a6f0 00000000 00000000 00000000 00000000
0x0016a700 c7000000 01000000 10140000 00000000
0x0016a710 00000000 00000000 00000000 00000000
0x0016a720 c8000000 01000000 10140000 00000000
0x0016a730 00000000 00000000 00000000 00000000
0x0016a740 c9000000 01000000 10140000 00000000
0x0016a750 00000000 00000000 00000000 00000000
0x0016a760 ca000000 01000000 10140000 00000000
0x0016a770 00000000 00000000 00000000 00000000
0x0016a780 cb000000 01000000 10140000 00000000
0x0016a790 00000000 00000000 00000000 00000000
0x0016a7a0 cc000000 01000000 10140000 00000000
0x0016a7b0 00000000 00000000 00000000 00000000
0x0016a7c0 cd000000 01000000 18140000 00000000
0x0016a7d0 00000000 00000000 00000000 00000000
0x0016a7e0 ce000000 01000000 10140000 00000000
0x0016a7f0 00000000 00000000 00000000 00000000
0x0016a800 cf000000 01000000 10140000 00000000
0x0016a810 00000000 00000000 00000000 00000000
0x0016a820 d0000000 01000000 10140000 00000000
0x0016a830 00000000 00000000 00000000 00000000
0x0016a840 d1000000 01000000 10140000 00000000
0x0016a850 00000000 00000000 00000000 00000000
0x0016a860 d2000000 01000000 10140000 00000000
0x0016a870 00000000 00000000 00000000 00000000
0x0016a880 d3000000 01000000 10140000 00000000
0x0016a890 00000000 00000000 00000000 00000000
0x0016a8a0 f4000000 04000000 10140000 00000000
0x0016a8b0 00000000 00000000 00000000 00000000
0x0016a8c0 01010000 01000000 18120000 00000000
0x0016a8d0 00000000 00000000 00000000 00000000
0x0016a8e0 02010000 01000000 18140000 00000000
0x0016a8f0 00000000 00000000 00000000 00000000
0x0016a900 03010000 01000000 12120000 00000000
0x0016a910 00000000 00000000 00000000 00000000
0x0016a920 04010000 01000000 14140000 00000000
0x0016a930 00000000 00000000 00000000 00000000
0x0016a940 003f0000 04000000 18100000 00000000
0x0016a950 00000000 00000000 00000000 00000000
0x0016a960 2d5f0000 01000000 18140000 00000000
0x0016a970 00000000 00000000 00000000 00000000
0x0016a980 355f0000 01000000 18140000 00000000
0x0016a990 00000000 00000000 00000000 00000000
0x0016a9a0 485f0000 04000000 10140000 00000000
0x0016a9b0 00000000 00000000 00000000 00000000
0x0016a9c0 505f0000 01000000 18140000 00000000
0x0016a9d0 00000000 00000000 00000000 00000000
0x0016a9e0 525f0000 01000000 18100000 00000000
0x0016a9f0 00000000 00000000 00000000 00000000
0x0016aa00 217f0000 01000000 18140000 00000000
0x0016aa10 00000000 00000000 00000000 00000000
0x0016aa20 487f0000 04000000 10100000 00000000
0x0016aa30 00000000 00000000 00000000 00000000
0x0016aa40 497f0000 04000000 18100000 00000000
0x0016aa50 00000000 00000000 00000000 00000000
0x0016aa60 00a40000 04000000 18100000 00000000
0x0016aa70 d0d10600 00000000 00000000 00000000
0x0016aa80 01a40000 01000000 18140000 00000000
0x0016aa90 70fb0600 00000000 00000000 00000000
0x0016aaa0 00b60000 04000000 18100000 00000000
0x0016aab0 d0d10600 00000000 00000000 00000000
0x0016aac0 01b60000 01000000 18140000 00000000
0x0016aad0 70fb0600 00000000 00000000 00000000
0x0016aae0 00b80000 04000000 18100000 00000000
0x0016aaf0 d0d10600 00000000 00000000 00000000
0x0016ab00 01b80000 01000000 18140000 00000000
0x0016ab10 70fb0600 00000000 00000000 00000000
0x0016ab20 00000000 00000000 00000000 00000000
0x0016ab30 00000000 00000000 00000000 00000000
0x0016ab40 4f000000 01000000 18100000 00000000
0x0016ab50 00000000 00000000 00000000 00000000
0x0016ab60 5b000000 01000000 18140000 00000000
0x0016ab70 00000000 00000000 00000000 00000000
0x0016ab80 5e000000 01000000 18140000 00000000
0x0016ab90 00000000 00000000 00000000 00000000
0x0016aba0 65000000 04000000 18100000 00000000
0x0016abb0 00000000 00000000 00000000 00000000
0x0016abc0 6e000000 04000000 18100000 00000000
0x0016abd0 00000000 00000000 00000000 00000000
0x0016abe0 73000000 04000000 18100000 00000000
0x0016abf0 00000000 00000000 00000000 00000000
0x0016ac00 7a000000 04000000 18100000 00000000
0x0016ac10 00000000 00000000 00000000 00000000
0x0016ac20 81000000 01000000 18100000 00000000
0x0016ac30 00000000 00000000 00000000 00000000
0x0016ac40 82000000 01000000 18100000 00000000
0x0016ac50 00000000 00000000 00000000 00000000
0x0016ac60 93000000 01000000 18100000 00000000
0x0016ac70 00000000 00000000 00000000 00000000
0x0016ac80 c0000000 01000000 18100000 00000000
0x0016ac90 00000000 00000000 00000000 00000000
0x0016aca0 c1000000 01000000 18100000 00000000
0x0016acb0 00000000 00000000 00000000 00000000
0x0016acc0 c2000000 01000000 18100000 00000000
0x0016acd0 00000000 00000000 00000000 00000000
0x0016ace0 c3000000 01000000 18100000 00000000
0x0016acf0 00000000 00000000 00000000 00000000
0x0016ad00 c4000000 01000000 18140000 00000000
0x0016ad10 00000000 00000000 00000000 00000000
0x0016ad20 c5000000 01000000 18140000 00000000
0x0016ad30 00000000 00000000 00000000 00000000
0x0016ad40 c6000000 01000000 18140000 00000000
0x0016ad50 00000000 00000000 00000000 00000000
0x0016ad60 c7000000 01000000 10140000 00000000
0x0016ad70 00000000 00000000 00000000 00000000
0x0016ad80 c8000000 01000000 10140000 00000000
0x0016ad90 00000000 00000000 00000000 00000000
0x0016ada0 c9000000 01000000 10140000 00000000
0x0016adb0 00000000 00000000 00000000 00000000
0x0016adc0 ca000000 01000000 10140000 00000000
0x0016add0 00000000 00000000 00000000 00000000
0x0016ade0 cb000000 01000000 10140000 00000000
0x0016adf0 00000000 00000000 00000000 00000000
0x0016ae00 cc000000 01000000 10140000 00000000
0x0016ae10 00000000 00000000 00000000 00000000
0x0016ae20 cd000000 01000000 18140000 00000000
0x0016ae30 00000000 00000000 00000000 00000000
0x0016ae40 ce000000 01000000 10140000 00000000
0x0016ae50 00000000 00000000 00000000 00000000
0x0016ae60 cf000000 01000000 10140000 00000000
0x0016ae70 00000000 00000000 00000000 00000000
0x0016ae80 d0000000 01000000 10140000 00000000
0x0016ae90 00000000 00000000 00000000 00000000
0x0016aea0 e0000000 04000000 10140000 00000000
0x0016aeb0 00000000 00000000 00000000 00000000
0x0016aec0 e1000000 04000000 10140000 00000000
0x0016aed0 00000000 00000000 00000000 00000000
0x0016aee0 e2000000 04000000 10140000 00000000
0x0016aef0 00000000 00000000 00000000 00000000
0x0016af00 01010000 01000000 18120000 00000000
0x0016af10 00000000 00000000 00000000 00000000
0x0016af20 02010000 01000000 18140000 00000000
0x0016af30 00000000 00000000 00000000 00000000
0x0016af40 03010000 01000000 12120000 00000000
0x0016af50 00000000 00000000 00000000 00000000
0x0016af60 04010000 01000000 14140000 00000000
0x0016af70 00000000 00000000 00000000 00000000
0x0016af80 003f0000 04000000 18100000 00000000
0x0016af90 00000000 00000000 00000000 00000000
0x0016afa0 2d5f0000 01000000 18140000 00000000
0x0016afb0 00000000 00000000 00000000 00000000
0x0016afc0 355f0000 01000000 18140000 00000000
0x0016afd0 00000000 00000000 00000000 00000000
0x0016afe0 505f0000 01000000 18140000 00000000
0x0016aff0 00000000 00000000 00000000 00000000
0x0016b000 497f0000 04000000 18100000 00000000
0x0016b010 00000000 00000000 00000000 00000000
0x0016b020 00a40000 04000000 18100000 00000000
0x0016b030 d0d10600 00000000 00000000 00000000
0x0016b040 01a40000 01000000 18140000 00000000
0x0016b050 70fb0600 00000000 00000000 00000000
0x0016b060 00b60000 04000000 18100000 00000000
0x0016b070 d0d10600 00000000 00000000 00000000
0x0016b080 01b60000 01000000 18140000 00000000
0x0016b090 70fb0600 00000000 00000000 00000000
0x0016b0a0 00b80000 04000000 18100000 00000000
0x0016b0b0 d0d10600 00000000 00000000 00000000
0x0016b0c0 01b80000 01000000 18140000 00000000
0x0016b0d0 70fb0600 00000000 00000000 00000000
0x0016b0e0 00000000 00000000 00000000 00000000
0x0016b0f0 00000000 00000000 00000000 00000000
0x0016b100 df211100 00000000 00541000 00000000
0x0016b110 00141700 00000000 00000000 00000000
0x0016b120 00000000 00000000 00000000 00000000
0x0016b130 ffffffff ffffffff 00000000 00000000
0x0016b140 65301100 00000000 85531000 00000000
0x0016b150 60151700 00000000 00000000 00000000
0x0016b160 00000000 00000000 00000000 00000000
0x0016b170 00000000 00000000 00000000 00000000
0x0016b180 1c311100 00000000 4a531000 00000000
0x0016b190 c0161700 00000000 00000000 00000000
0x0016b1a0 00000000 00000000 00000000 00000000
0x0016b1b0 00000000 00000000 00000000 00000000
0x0016b1c0 00000000 00000000 00000000 00000000
0x0016b1d0 00000000 00000000 00000000 00000000
0x0016b1e0 01000000 00000000 a0000001 16000000
0x0016b1f0 00000000 00000000 05000000 00000000
0x0016b200 00000000 00000000 00000000 00000000
0x0016b210 00000000 00000000 05000000 01000000
0x0016b220 db331100 00000000 c2531000 00000000
0x0016b230 00181700 00000000 00000000 00000000
0x0016b240 00000000 00000000 00000000 00000000
0x0016b250 6f1d8302 fd018503 01ffff81 02006482
0x0016b260 0305ffff 860900ff ffffffff ffffff00
0x0016b270 193bff18 00ff8131 fe55006b 02090200
0x0016b280 01010143 4e531031 809f0000 00000000
0x0016b290 621b8002 001e8203 01ffff83 022f0185
0x0016b2a0 01018609 00000000 00000000 00000000
0x0016b2b0 00000000 00000000 00000000 00000000
0x0016b2c0 c43c1100 00000000 56531000 00000000
0x0016b2d0 40191700 00000000 00000000 00000000
0x0016b2e0 00000000 00000000 00000000 00000000
0x0016b2f0 00000000 00000000 00000000 00000000
0x0016b300 d0521100 00000000 e4531000 00000000
0x0016b310 801a1700 00000000 00000000 00000000
0x0016b320 00000000 00000000 00000000 00000000
0x0016b330 00000000 00000000 00000000 00000000
0x0016b340 5e601100 00000000 08611100 00000000
0x0016b350 28611100 00000000 71601100 00000000
0x0016b360 7c601100 00000000 87601100 00000000
0x0016b370 92601100 00000000 9d601100 00000000
0x0016b380 a8601100 00000000 b3601100 00000000
0x0016b390 bf601100 00000000 cb601100 00000000
0x0016b3a0 d7601100 00000000 e3601100 00000000
0x0016b3b0 ef601100 00000000 fb601100 00000000
0x0016b3c0 60631100 00000000 eb531000 00000000
0x0016b3d0 c01b1700 00000000 00000000 00000000
0x0016b3e0 00000000 00000000 00000000 00000000
0x0016b3f0 00000000 00000000 00000000 00000000
0x0016b400 6c701100 00000000 11541000 00000000
0x0016b410 001d1700 00000000 00000000 00000000
0x0016b420 00000000 00000000 00000000 00000000
0x0016b430 a0000000 01010000 00000000 00000000
0x0016b440 1d731100 00000000 ca531000 00000000
0x0016b450 601e1700 00000000 00000000 00000000
0x0016b460 00000000 00000000 00000000 00000000
0x0016b470 00000000 00000000 00000000 00000000
0x0016b480 09761100 00000000 42531000 00000000
0x0016b490 60371700 00000000 00000000 00000000
0x0016b4a0 00000000 00000000 00000000 00000000
0x0016b4b0 00000000 00000000 00000000 00000000
0x0016b4c0 d87a1100 00000000 50511000 00000000
0x0016b4d0 a01f1700 00000000 00000000 00000000
0x0016b4e0 00000000 00000000 00000000 00000000
0x0016b4f0 00000000 00000000 00000000 00000000
0x0016b500 5b7d1100 00000000 73531000 00000000
0x0016b510 00211700 00000000 00000000 00000000
0x0016b520 00000000 00000000 00000000 00000000
0x0016b530 00000000 00000000 00000000 00000000
0x0016b540 77861100 00000000 8c531000 00000000
0x0016b550 40221700 00000000 00000000 00000000
0x0016b560 00000000 00000000 00000000 00000000
0x0016b570 00000000 00000000 00000000 00000000
0x0016b580 db911100 00000000 94531000 00000000
0x0016b590 80231700 00000000 00000000 00000000
0x0016b5a0 00000000 00000000 00000000 00000000
0x0016b5b0 00000000 00000000 00000000 00000000
0x0016b5c0 29991100 00000000 61531000 00000000
0x0016b5d0 c0241700 00000000 00000000 00000000
0x0016b5e0 00000000 00000000 00000000 00000000
0x0016b5f0 a0000000 63504b43 532d3135 00000000
0x0016b600 0c000000 00000000 00000000 00000000
0x0016b610 00000000 00000000 00000000 00000000
0x0016b620 22ad1000 00000000 01000000 02000000
0x0016b630 48030000 3d270000 03000000 01000000
0x0016b640 01000000 ffffffff 00000000 00000000
0x0016b650 00000000 00000000 00000000 00000000
0x0016b660 00000000 00000000 c0000000 00000000
0x0016b670 43ae1000 00000000 01000000 02000000
0x0016b680 48030000 3d270000 03000000 01000000
0x0016b690 07000000 ffffffff 00000000 00000000
0x0016b6a0 00000000 00000000 00000000 00000000
0x0016b6b0 00000000 00000000 00010000 00000000
0x0016b6c0 97ae1000 00000000 01000000 03000000
0x0016b6d0 84000000 00000000 22000000 ffffffff
0x0016b6e0 00000000 00000000 00000000 00000000
0x0016b6f0 00000000 00000000 00000000 00000000
0x0016b700 00000000 00000000 80010000 00000000
0x0016b710 deae1000 00000000 01000000 03000000
0x0016b720 84000000 00000000 23000000 ffffffff
0x0016b730 00000000 00000000 00000000 00000000
0x0016b740 00000000 00000000 00000000 00000000
0x0016b750 00000000 00000000 09020000 00000000
0x0016b760 00000000 00000000 ffffffff 00000000
0x0016b770 00000000 00000000 00000000 00000000
0x0016b780 00000000 00000000 00000000 00000000
0x0016b790 00000000 00000000 00000000 00000000
0x0016b7a0 00000000 00000000 00000000 00000000
0x0016b7b0 00000000 00000000 00000000 00000000
0x0016b7c0 88a21100 00000000 a0531000 00000000
0x0016b7d0 20261700 00000000 00000000 00000000
0x0016b7e0 00000000 00000000 00000000 00000000
0x0016b7f0 00000000 00000000 00000000 00000000
0x0016b800 1ba71100 00000000 ef531000 00000000
0x0016b810 e0271700 00000000 00000000 00000000
0x0016b820 00000000 00000000 00000000 00000000
0x0016b830 e82b0601 040181c3 1f020100 00000000
0x0016b840 0b000000 00000000 00000000 00000000
0x0016b850 00000000 00000000 00000000 00000000
0x0016b860 b4b81100 00000000 d1531000 00000000
0x0016b870 402a1700 00000000 00000000 00000000
0x0016b880 00000000 00000000 00000000 00000000
0x0016b890 00000000 00000000 00000000 00000000
0x0016b8a0 01000000 02000000 48030000 3d270000
0x0016b8b0 03000000 01000000 01000000 ffffffff
0x0016b8c0 00000000 00000000 00000000 00000000
0x0016b8d0 00000000 00000000 00000000 00000000
0x0016b8e0 c0000000 00000000 00000000 00000000
0x0016b8f0 01000000 03000000 84000000 00000000
0x0016b900 21000000 ffffffff 00000000 00000000
0x0016b910 00000000 00000000 00000000 00000000
0x0016b920 00000000 00000000 00000000 00000000
0x0016b930 e0000000 00000000 00000000 00000000
0x0016b940 01000000 02000000 48030000 3d270000
0x0016b950 03000000 01000000 07000000 ffffffff
0x0016b960 00000000 00000000 00000000 00000000
0x0016b970 00000000 00000000 00000000 00000000
0x0016b980 00010000 00000000 00000000 00000000
0x0016b990 01000000 03000000 84000000 00000000
0x0016b9a0 22000000 ffffffff 00000000 00000000
0x0016b9b0 00000000 00000000 00000000 00000000
0x0016b9c0 00000000 00000000 00000000 00000000
0x0016b9d0 80010000 00000000 00000000 00000000
0x0016b9e0 01000000 03000000 24000000 03000000
0x0016b9f0 03000000 02000000 08000000 01000000
0x0016ba00 01000000 03000000 ffffffff 00000000
0x0016ba10 00000000 00000000 00000000 00000000
0x0016ba20 c0000000 00000000 00000000 00000000
0x0016ba30 01000000 03000000 24000000 03000000
0x0016ba40 03000000 02000000 08000000 01000000
0x0016ba50 01000000 05000000 ffffffff 00000000
0x0016ba60 00000000 00000000 00000000 00000000
0x0016ba70 e0000000 00000000 00000000 00000000
0x0016ba80 01000000 03000000 24000000 03000000
0x0016ba90 03000000 02000000 08000000 01000000
0x0016baa0 01000000 07000000 ffffffff 00000000
0x0016bab0 00000000 00000000 00000000 00000000
0x0016bac0 00010000 00000000 00000000 00000000
0x0016bad0 01000000 03000000 24000000 03000000
0x0016bae0 03000000 02000000 08000000 01000000
0x0016baf0 01000000 09000000 ffffffff 00000000
0x0016bb00 00000000 00000000 00000000 00000000
0x0016bb10 40010000 00000000 00000000 00000000
0x0016bb20 01000000 03000000 84000000 00000000
0x0016bb30 1f000000 ffffffff 00000000 00000000
0x0016bb40 00000000 00000000 00000000 00000000
0x0016bb50 00000000 00000000 00000000 00000000
0x0016bb60 c0000000 00000000 06000000 00000000
0x0016bb70 01000000 03000000 84000000 00000000
0x0016bb80 0a000000 ffffffff 00000000 00000000
0x0016bb90 00000000 00000000 00000000 00000000
0x0016bba0 00000000 00000000 00000000 00000000
0x0016bbb0 00010000 00000000 06000000 00000000
0x0016bbc0 ffffffff 00000000 00000000 00000000
0x0016bbd0 00000000 00000000 00000000 00000000
0x0016bbe0 00000000 00000000 00000000 00000000
0x0016bbf0 00000000 00000000 00000000 00000000
0x0016bc00 00000000 00000000 00000000 00000000
0x0016bc10 00000000 00000000 00000000 00000000
0x0016bc20 5cc61100 00000000 f6531000 00000000
0x0016bc30 a02b1700 00000000 00000000 00000000
0x0016bc40 00000000 00000000 00000000 00000000
0x0016bc50 00000000 00000000 00000000 00000000
0x0016bc60 fdd21100 00000000 11d31100 00000000
0x0016bc70 e02c1700 00000000 a0bc1600 00000000
0x0016bc80 00000000 00000000 00000000 00000000
0x0016bc90 00000000 00000000 00000000 00000000
0x0016bca0 40d41100 00000000 70d41100 00000000
0x0016bcb0 00000000 00000000 49710000 00000000
0x0016bcc0 00000000 00000000 00000000 00000000
0x0016bcd0 a0d41100 00000000 c8d41100 00000000
0x0016bce0 00000000 00000000 49710000 00000000
0x0016bcf0 00000000 00000000 00000000 00000000
0x0016bd00 f0d41100 00000000 30d51100 00000000
0x0016bd10 00000000 00000000 49710000 00000000
0x0016bd20 00000000 00000000 00000000 00000000
0x0016bd30 00000000 00000000 00000000 00000000
0x0016bd40 00000000 00000000 00000000 00000000
0x0016bd50 00000000 00000000 00000000 00000000
0x0016bd60 00d81100 00000000 08541000 00000000
0x0016bd70 202e1700 00000000 00000000 00000000
0x0016bd80 00000000 00000000 00000000 00000000
0x0016bd90 00000000 00000000 00000000 00000000
0x0016bda0 61324f0f e828bd08 0fa00000 01674553
0x0016bdb0 49474e50 0f434941 207a7520 44462e65
0x0016bdc0 5369676e 5100730c 4f0aa000 00016745
0x0016bdd0 5349474e 61094f07 a0000002 47100161
0x0016bde0 0b4f09e8 0704007f 00070302 610c4f0a
0x0016bdf0 a0000001 67455349 474e0000 00000000
0x0016be00 b0db1100 00000000 0d541000 00000000
0x0016be10 602f1700 00000000 00000000 00000000
0x0016be20 00000000 00000000 00000000 00000000
0x0016be30 00000000 00000000 00000000 00000000
0x0016be40 84dd1100 00000000 af531000 00000000
0x0016be50 a0301700 00000000 00000000 00000000
0x0016be60 00000000 00000000 00000000 00000000
0x0016be70 00000000 00000000 00000000 00000000
0x0016be80 4be01100 00000000 ba531000 00000000
0x0016be90 e0311700 00000000 00000000 00000000
0x0016bea0 00000000 00000000 00000000 00000000
0x0016beb0 00000000 00000000 00000000 00000000
0x0016bec0 8ee51100 00000000 16541000 00000000
0x0016bed0 40331700 00000000 00000000 00000000
0x0016bee0 00000000 00000000 00000000 00000000
0x0016bef0 00000000 00000000 00000000 00000000
0x0016bf00 01000000 03000000 06000000 01000000
0x0016bf10 04000000 01000000 d50b0000 01000000
0x0016bf20 05000000 01000000 ffffffff 00000000
0x0016bf30 00000000 00000000 00000000 00000000
0x0016bf40 18111200 00000000 23111200 00000000
0x0016bf50 00000000 00000000 00000000 00000000
0x0016bf60 e01d0c00 00000000 00000000 00000000
0x0016bf70 30111200 00000000 3e111200 00000000
0x0016bf80 00000000 00000000 00000000 00000000
0x0016bf90 00ee0b00 00000000 00000000 00000000
0x0016bfa0 4b111200 00000000 5f111200 00000000
0x0016bfb0 00000000 00000000 00000000 00000000
0x0016bfc0 f01a0c00 00000000 00000000 00000000
0x0016bfd0 6c111200 00000000 d20f1200 00000000
0x0016bfe0 00000000 00000000 00000000 00000000
0x0016bff0 c0080c00 00000000 01000000 00000000
0x0016c000 00000000 00000000 00000000 00000000
0x0016c010 00000000 00000000 00000000 00000000
0x0016c020 00000000 00000000 00000000 00000000
0x0016c030 00000000 00000000 00000000 00000000
0x0016c040 e8331100 00000000 d41f1200 00000000
0x0016c050 dd1f1200 00000000 f01f1200 00000000
0x0016c060 f81f1200 00000000 0b201200 00000000
0x0016c070 14201200 00000000 1b201200 00000000
0x0016c080 2d201200 00000000 35201200 00000000
0x0016c090 40201200 00000000 44201200 00000000
0x0016c0a0 48201200 00000000 50201200 00000000
0x0016c0b0 5b201200 00000000 63201200 00000000
0x0016c0c0 69201200 00000000 6c201200 00000000
0x0016c0d0 76201200 00000000 7d201200 00000000
0x0016c0e0 82201200 00000000 88201200 00000000
0x0016c0f0 8e201200 00000000 a7201200 00000000
0x0016c100 b4201200 00000000 b8201200 00000000
0x0016c110 be201200 00000000 60241200 00000000
0x0016c120 c3201200 00000000 ca201200 00000000
0x0016c130 d9201200 00000000 e2201200 00000000
0x0016c140 ea201200 00000000 f2201200 00000000
0x0016c150 f9201200 00000000 03211200 00000000
0x0016c160 14211200 00000000 1d211200 00000000
0x0016c170 f01f1200 00000000 28211200 00000000
0x0016c180 2e211200 00000000 34211200 00000000
0x0016c190 38211200 00000000 40211200 00000000
0x0016c1a0 47211200 00000000 4e211200 00000000
0x0016c1b0 61211200 00000000 6a211200 00000000
0x0016c1c0 70211200 00000000 77211200 00000000
0x0016c1d0 7f211200 00000000 94211200 00000000
0x0016c1e0 a4211200 00000000 ab211200 00000000
0x0016c1f0 b6211200 00000000 c4211200 00000000
0x0016c200 ca211200 00000000 de211200 00000000
0x0016c210 ec211200 00000000 01221200 00000000
0x0016c220 0b221200 00000000 12221200 00000000
0x0016c230 1d221200 00000000 36221200 00000000
0x0016c240 4a221200 00000000 00000000 00000000
0x0016c250 00000000 00000000 00000000 00000000
0x0016c260 e8331100 00000000 52221200 00000000
0x0016c270 5a221200 00000000 62221200 00000000
0x0016c280 6c221200 00000000 80221200 00000000
0x0016c290 96221200 00000000 9b221200 00000000
0x0016c2a0 a2221200 00000000 aa221200 00000000
0x0016c2b0 b3221200 00000000 b7221200 00000000
0x0016c2c0 c0221200 00000000 00000000 00000000
0x0016c2d0 00000000 00000000 00000000 00000000
0x0016c2e0 69261200 00000000 6c261200 00000000
0x0016c2f0 00040000 37000000 99251200 00000000
0x0016c300 03000000 00000000 eff71000 00000000
0x0016c310 01000000 00000000 334c1200 00000000
0x0016c320 76261200 00000000 00040000 37000000
0x0016c330 99251200 00000000 04000000 00000000
0x0016c340 eff71000 00000000 01000000 00000000
0x0016c350 7aa91000 00000000 80261200 00000000
0x0016c360 00040000 37000000 99251200 00000000
0x0016c370 05000000 00000000 eff71000 00000000
0x0016c380 01000000 00000000 b3451100 00000000
0x0016c390 8a261200 00000000 00040000 37000000
0x0016c3a0 99251200 00000000 06000000 00000000
0x0016c3b0 eff71000 00000000 01000000 00000000
0x0016c3c0 94261200 00000000 97261200 00000000
0x0016c3d0 00040000 37000000 99251200 00000000
0x0016c3e0 07000000 00000000 eff71000 00000000
0x0016c3f0 01000000 00000000 e0001200 00000000
0x0016c400 a1261200 00000000 00040000 37000000
0x0016c410 99251200 00000000 08000000 00000000
0x0016c420 eff71000 00000000 01000000 00000000
0x0016c430 8fe71000 00000000 ab261200 00000000
0x0016c440 00040000 37000000 99251200 00000000
0x0016c450 09000000 00000000 eff71000 00000000
0x0016c460 01000000 00000000 88f21100 00000000
0x0016c470 b5261200 00000000 00040000 37000000
0x0016c480 99251200 00000000 0a000000 00000000
0x0016c490 eff71000 00000000 01000000 00000000
0x0016c4a0 aef21100 00000000 bf261200 00000000
0x0016c4b0 00040000 37000000 99251200 00000000
0x0016c4c0 0b000000 00000000 eff71000 00000000
0x0016c4d0 01000000 00000000 b7f21100 00000000
0x0016c4e0 c9261200 00000000 00040000 37000000
0x0016c4f0 99251200 00000000 0c000000 00000000
0x0016c500 eff71000 00000000 01000000 00000000
0x0016c510 d4261200 00000000 d7261200 00000000
0x0016c520 00040000 37000000 99251200 00000000
0x0016c530 0d000000 00000000 eff71000 00000000
0x0016c540 01000000 00000000 87ae1000 00000000
0x0016c550 e2261200 00000000 00040000 37000000
0x0016c560 99251200 00000000 0e000000 00000000
0x0016c570 eff71000 00000000 01000000 00000000
0x0016c580 ed261200 00000000 00000000 00000000
0x0016c590 99251200 00000000 00000000 00000000
0x0016c5a0 00000000 00000000 69261200 00000000
0x0016c5b0 02000000 00000000 ff261200 00000000
0x0016c5c0 00000000 00000000 99251200 00000000
0x0016c5d0 00000000 00000000 00000000 00000000
0x0016c5e0 334c1200 00000000 02000000 00000000
0x0016c5f0 11271200 00000000 00000000 00000000
0x0016c600 99251200 00000000 00000000 00000000
0x0016c610 00000000 00000000 7aa91000 00000000
0x0016c620 02000000 00000000 23271200 00000000
0x0016c630 00000000 00000000 99251200 00000000
0x0016c640 00000000 00000000 00000000 00000000
0x0016c650 b3451100 00000000 02000000 00000000
0x0016c660 35271200 00000000 00000000 00000000
0x0016c670 99251200 00000000 00000000 00000000
0x0016c680 00000000 00000000 94261200 00000000
0x0016c690 02000000 00000000 47271200 00000000
0x0016c6a0 00000000 00000000 99251200 00000000
0x0016c6b0 00000000 00000000 00000000 00000000
0x0016c6c0 e0001200 00000000 02000000 00000000
0x0016c6d0 59271200 00000000 00000000 00000000
0x0016c6e0 99251200 00000000 00000000 00000000
0x0016c6f0 00000000 00000000 8fe71000 00000000
0x0016c700 02000000 00000000 6b271200 00000000
0x0016c710 00000000 00000000 99251200 00000000
0x0016c720 00000000 00000000 00000000 00000000
0x0016c730 88f21100 00000000 02000000 00000000
0x0016c740 7d271200 00000000 00000000 00000000
0x0016c750 99251200 00000000 00000000 00000000
0x0016c760 00000000 00000000 aef21100 00000000
0x0016c770 02000000 00000000 8f271200 00000000
0x0016c780 00000000 00000000 99251200 00000000
0x0016c790 00000000 00000000 00000000 00000000
0x0016c7a0 b7f21100 00000000 02000000 00000000
0x0016c7b0 a2271200 00000000 00000000 00000000
0x0016c7c0 99251200 00000000 00000000 00000000
0x0016c7d0 00000000 00000000 d4261200 00000000
0x0016c7e0 02000000 00000000 b5271200 00000000
0x0016c7f0 00000000 00000000 99251200 00000000
0x0016c800 00000000 00000000 00000000 00000000
0x0016c810 87ae1000 00000000 02000000 00000000
0x0016c820 40c31200 00000000 08000000 00000000
0x0016c830 e82b1200 00000000 18000000 00000000
0x0016c840 012c1200 00000000 18000000 00000000
0x0016c850 1a2c1200 00000000 18000000 00000000
0x0016c860 00371200 00000000 31000000 00000000
0x0016c870 332c1200 00000000 18000000 00000000
0x0016c880 47c31200 00000000 01000000 00000000
0x0016c890 a2c31200 00000000 08000000 00000000
0x0016c8a0 38371200 00000000 20000000 00000000
0x0016c8b0 60371200 00000000 20000000 00000000
0x0016c8c0 e82e1200 00000000 20000000 00000000
0x0016c8d0 102f1200 00000000 41000000 00000000
0x0016c8e0 88371200 00000000 20000000 00000000
0x0016c8f0 47c31200 00000000 01000000 00000000
0x0016c900 a9371200 00000000 05000000 00000000
0x0016c910 b0371200 00000000 30000000 00000000
0x0016c920 e8371200 00000000 30000000 00000000
0x0016c930 582f1200 00000000 30000000 00000000
0x0016c940 902f1200 00000000 61000000 00000000
0x0016c950 f82f1200 00000000 30000000 00000000
0x0016c960 47c31200 00000000 01000000 00000000
0x0016c970 19381200 00000000 05000000 00000000
0x0016c980 30301200 00000000 42000000 00000000
0x0016c990 78301200 00000000 42000000 00000000
0x0016c9a0 20381200 00000000 42000000 00000000
0x0016c9b0 68381200 00000000 85000000 00000000
0x0016c9c0 c0301200 00000000 42000000 00000000
0x0016c9d0 47c31200 00000000 01000000 00000000
0x0016c9e0 cdc21200 00000000 09000000 00000000
0x0016c9f0 4c2c1200 00000000 18000000 00000000
0x0016ca00 652c1200 00000000 18000000 00000000
0x0016ca10 7e2c1200 00000000 18000000 00000000
0x0016ca20 f0381200 00000000 31000000 00000000
0x0016ca30 972c1200 00000000 18000000 00000000
0x0016ca40 47c31200 00000000 01000000 00000000
0x0016ca50 1cc31200 00000000 09000000 00000000
0x0016ca60 b02c1200 00000000 1c000000 00000000
0x0016ca70 cd2c1200 00000000 1c000000 00000000
0x0016ca80 ea2c1200 00000000 1c000000 00000000
0x0016ca90 08311200 00000000 39000000 00000000
0x0016caa0 072d1200 00000000 1c000000 00000000
0x0016cab0 47c31200 00000000 01000000 00000000
0x0016cac0 28c31200 00000000 09000000 00000000
0x0016cad0 48311200 00000000 20000000 00000000
0x0016cae0 70311200 00000000 20000000 00000000
0x0016caf0 98311200 00000000 20000000 00000000
0x0016cb00 c0311200 00000000 41000000 00000000
0x0016cb10 08321200 00000000 20000000 00000000
0x0016cb20 47c31200 00000000 01000000 00000000
0x0016cb30 34c31200 00000000 09000000 00000000
0x0016cb40 30321200 00000000 28000000 00000000
0x0016cb50 60321200 00000000 28000000 00000000
0x0016cb60 90321200 00000000 28000000 00000000
0x0016cb70 c0321200 00000000 51000000 00000000
0x0016cb80 18331200 00000000 28000000 00000000
0x0016cb90 47c31200 00000000 01000000 00000000
0x0016cba0 242d1200 00000000 09000000 00000000-..............
0x0016cbb0 28391200 00000000 30000000 00000000
0x0016cbc0 48331200 00000000 30000000 00000000
0x0016cbd0 80331200 00000000 30000000 00000000
0x0016cbe0 b8331200 00000000 61000000 00000000
0x0016cbf0 20341200 00000000 30000000 00000000
0x0016cc00 47c31200 00000000 01000000 00000000
0x0016cc10 2e2d1200 00000000 09000000 00000000
0x0016cc20 60391200 00000000 40000000 00000000
0x0016cc30 58341200 00000000 40000000 00000000
0x0016cc40 a0341200 00000000 40000000 00000000
0x0016cc50 a8391200 00000000 81000000 00000000
0x0016cc60 303a1200 00000000 40000000 00000000
0x0016cc70 47c31200 00000000 01000000 00000000
0x0016cc80 713a1200 00000000 05000000 00000000
0x0016cc90 382d1200 00000000 18000000 00000000
0x0016cca0 773a1200 00000000 18000000 00000000
0x0016ccb0 903a1200 00000000 18000000 00000000
0x0016ccc0 e8341200 00000000 31000000 00000000
0x0016ccd0 512d1200 00000000 18000000 00000000
0x0016cce0 47c31200 00000000 01000000 00000000
0x0016ccf0 a93a1200 00000000 05000000 00000000
0x0016cd00 20351200 00000000 20000000 00000000
0x0016cd10 b03a1200 00000000 20000000 00000000
0x0016cd20 d83a1200 00000000 20000000 00000000
0x0016cd30 48351200 00000000 41000000 00000000
0x0016cd40 90351200 00000000 20000000 00000000
0x0016cd50 47c31200 00000000 01000000 00000000
0x0016cd60 00000000 00000000 00000000 00000000
0x0016cd70 00000000 00000000 00000000 00000000
0x0016cd80 00000000 00000000 00000000 00000000
0x0016cd90 00000000 00000000 00000000 00000000
0x0016cda0 00000000 00000000 00000000 00000000
0x0016cdb0 00000000 00000000 00000000 00000000
0x0016cdc0 00000000 00000000 00000000 00000000
0x0016cdd0 00000000 00000000 00000000 00000000
0x0016cde0 02000000 00000000 01000000 00000000
0x0016cdf0 70010000 00000000 02000000 00000000
0x0016ce00 03010000 00000000 01000000 00000000
0x0016ce10 62010000 00000000 02000000 00000000
0x0016ce20 65010000 00000000 04000000 00000000
0x0016ce30 64010000 00000000 08000000 00000000
0x0016ce40 63010000 00000000 10000000 00000000
0x0016ce50 00000000 00000000 00000000 00000000
0x0016ce60 04010000 00000000 01000000 00000000
0x0016ce70 05010000 00000000 02000000 00000000
0x0016ce80 08010000 00000000 04000000 00000000
0x0016ce90 09010000 00000000 08000000 00000000
0x0016cea0 06010000 00000000 10000000 00000000
0x0016ceb0 07010000 00000000 20000000 00000000
0x0016cec0 0a010000 00000000 40000000 00000000
0x0016ced0 0b010000 00000000 80000000 00000000
0x0016cee0 0c010000 00000000 00010000 00000000
0x0016cef0 00000000 00000000 00000000 00000000
0x0016cf00 80000000 00000000 c0000000 00000000
0x0016cf10 40000000 00000000 00020000 00000000
0x0016cf20 20000000 00000000 10000000 00000000
0x0016cf30 10000000 00000000 01000000 00000000
0x0016cf40 08000000 00000000 00010000 00000000
0x0016cf50 04000000 00000000 c0000000 00000000
0x0016cf60 02000000 00000000 c0000000 00000000
0x0016cf70 00000000 00000000 00000000 00000000
0x0016cf80 00000000 00000000 00000000 00000000
0x0016cf90 00000000 00000000 00000000 00000000
0x0016cfa0 00000000 00000000 00000000 00000000
0x0016cfb0 00000000 00000000 00000000 00000000
0x0016cfc0 00000000 00000000 00000000 00000000
0x0016cfd0 00000000 00000000 00000000 00000000
0x0016cfe0 00000000 00000000 00000000 00000000
0x0016cff0 00000000 00000000 00000000 00000000
0x0016d000 80000000 00000000 0c000000 00000000
0x0016d010 40000000 00000000 00020000 00000000
0x0016d020 20000000 00000000 20000000 00000000
0x0016d030 10000000 00000000 02000000 00000000
0x0016d040 08000000 00000000 00010000 00000000
0x0016d050 04000000 00000000 0c000000 00000000
0x0016d060 02000000 00000000 0c000000 00000000
0x0016d070 00000000 00000000 00000000 00000000
0x0016d080 00000000 00000000 00000000 00000000
0x0016d090 00000000 00000000 00000000 00000000
0x0016d0a0 00000000 00000000 00000000 00000000
0x0016d0b0 00000000 00000000 00000000 00000000
0x0016d0c0 00000000 00000000 00000000 00000000
0x0016d0d0 00000000 00000000 00000000 00000000
0x0016d0e0 00000000 00000000 00000000 00000000
0x0016d0f0 00000000 00000000 00000000 00000000
0x0016d100 ce741200 00000000 90c00d00 00000000
0x0016d110 00000000 00000000 20d11600 00000000
0x0016d120 f0751200 00000000 90c00d00 00000000
0x0016d130 00000000 00000000 c0d31600 00000000
0x0016d140 fb751200 00000000 90c00d00 00000000
0x0016d150 e0d51600 00000000 a0d51600 00000000
0x0016d160 09ed1100 00000000 b0cf0d00 00000000
0x0016d170 a0d21600 00000000 00000000 00000000
0x0016d180 04761200 00000000 a0c20d00 00000000
0x0016d190 00000000 00000000 20d11600 00000000
0x0016d1a0 0b761200 00000000 60be0d00 00000000
0x0016d1b0 00000000 00000000 00000000 00000000
0x0016d1c0 ff521000 00000000 90c00d00 00000000
0x0016d1d0 00d21600 00000000 00000000 00000000
0x0016d1e0 00000000 00000000 00000000 00000000
0x0016d1f0 00000000 00000000 00000000 00000000
0x0016d200 12761200 00000000 01000000 01000000
0x0016d210 70cf0d00 00000000 26761200 00000000
0x0016d220 01000000 01000000 50cf0d00 00000000
0x0016d230 37761200 00000000 01000000 01000000
0x0016d240 30cf0d00 00000000 46761200 00000000
0x0016d250 01000000 01000000 e0ca0d00 00000000
0x0016d260 56761200 00000000 01000000 01000000
0x0016d270 b0ca0d00 00000000 00000000 00000000
0x0016d280 00000000 00000000 00000000 00000000
0x0016d290 00000000 00000000 00000000 00000000
0x0016d2a0 0b911100 00000000 01000000 01000000
0x0016d2b0 60b70d00 00000000 6f761200 00000000
0x0016d2c0 01000000 01000000 70bd0d00 00000000
0x0016d2d0 76761200 00000000 01000000 02000000
0x0016d2e0 00bd0d00 00000000 46761100 00000000
0x0016d2f0 01000000 01000000 10cb0d00 00000000
0x0016d300 c54d1200 00000000 01000000 01000000
0x0016d310 90bc0d00 00000000 7f761200 00000000
0x0016d320 01000000 01000000 50c30d00 00000000
0x0016d330 87761200 00000000 01000000 01000000
0x0016d340 20bc0d00 00000000 92761200 00000000
0x0016d350 01000000 01000000 b0bb0d00 00000000
0x0016d360 9d761200 00000000 01000000 01000000
0x0016d370 40bb0d00 00000000 ab761200 00000000
0x0016d380 01000000 01000000 d0ba0d00 00000000
0x0016d390 87951000 00000000 01000000 ffffffff
0x0016d3a0 b0cd0d00 00000000 00000000 00000000
0x0016d3b0 00000000 00000000 00000000 00000000
0x0016d3c0 1f941200 00000000 10db0d00 00000000
0x0016d3d0 60d41600 00000000 c0d31600 00000000
0x0016d3e0 072a1200 00000000 40da0d00 00000000
0x0016d3f0 60d41600 00000000 c0d31600 00000000
0x0016d400 b7761200 00000000 70d90d00 00000000
0x0016d410 60d41600 00000000 c0d31600 00000000
0x0016d420 bb761200 00000000 c0d30d00 00000000
0x0016d430 60d41600 00000000 c0d31600 00000000
0x0016d440 00000000 00000000 00000000 00000000
0x0016d450 00000000 00000000 00000000 00000000
0x0016d460 7a1f1100 00000000 01000000 01000000
0x0016d470 30cc0d00 00000000 204f1200 00000000
0x0016d480 01000000 01000000 10c90d00 00000000
0x0016d490 c4761200 00000000 01000000 01000000
0x0016d4a0 d0c70d00 00000000 69771200 00000000
0x0016d4b0 01000000 01000000 c0cb0d00 00000000
0x0016d4c0 387f1200 00000000 01000000 ffffffff
0x0016d4d0 d0e30d00 00000000 cc761200 00000000
0x0016d4e0 01000000 01000000 f0bd0d00 00000000
0x0016d4f0 4c631100 00000000 01000000 01000000
0x0016d500 50c40d00 00000000 31731200 00000000
0x0016d510 01000000 ffffffff a0d10d00 00000000
0x0016d520 da761200 00000000 01000000 01000000
0x0016d530 60c50d00 00000000 ec761200 00000000
0x0016d540 01000000 01000000 c0c60d00 00000000
0x0016d550 76ab1000 00000000 01000000 01000000
0x0016d560 30c60d00 00000000 fa761200 00000000
0x0016d570 01000000 01000000 a0c50d00 00000000
0x0016d580 00000000 00000000 00000000 00000000
0x0016d590 00000000 00000000 00000000 00000000
0x0016d5a0 e1ec1100 00000000 70d00d00 00000000
0x0016d5b0 c0d61600 00000000 00000000 00000000
0x0016d5c0 00000000 00000000 00000000 00000000
0x0016d5d0 00000000 00000000 00000000 00000000
0x0016d5e0 8a6d1000 00000000 01000000 01000000
0x0016d5f0 80b70d00 00000000 04771200 00000000
0x0016d600 01000000 01000000 d0bd0d00 00000000
0x0016d610 13771200 00000000 01000000 01000000
0x0016d620 b0bd0d00 00000000 22771200 00000000
0x0016d630 01000000 01000000 90cb0d00 00000000
0x0016d640 2f771200 00000000 01000000 01000000
0x0016d650 90bd0d00 00000000 3c771200 00000000
0x0016d660 01000000 01000000 90cf0d00 00000000
0x0016d670 8c961000 00000000 01000000 01000000
0x0016d680 20c50d00 00000000 48771200 00000000
0x0016d690 01000000 01000000 e0c40d00 00000000
0x0016d6a0 00000000 00000000 00000000 00000000
0x0016d6b0 00000000 00000000 00000000 00000000
0x0016d6c0 5cab1000 00000000 01000000 01000000
0x0016d6d0 70c30d00 00000000 00000000 00000000
0x0016d6e0 00000000 00000000 00000000 00000000
0x0016d6f0 00000000 00000000 00000000 00000000
0x0016d700 a4771200 00000000 00000000 00000000
0x0016d710 a9771200 00000000 01000000 00000000
0x0016d720 00000000 00000000 00000000 00000000
0x0016d730 00000000 00000000 00000000 00000000
0x0016d740 b5a91000 00000000 00000000 00000000
0x0016d750 b1771200 00000000 01000000 00000000
0x0016d760 b9771200 00000000 02000000 00000000
0x0016d770 00000000 00000000 00000000 00000000
0x0016d780 c1771200 00000000 01000000 00000000
0x0016d790 d0771200 00000000 02000000 00000000
0x0016d7a0 d6771200 00000000 04000000 00000000
0x0016d7b0 e6771200 00000000 08000000 00000000
0x0016d7c0 f7771200 00000000 10000000 00000000
0x0016d7d0 03781200 00000000 20000000 00000000
0x0016d7e0 11781200 00000000 40000000 00000000
0x0016d7f0 1f781200 00000000 80000000 00000000
0x0016d800 25781200 00000000 00010000 00000000
0x0016d810 35781200 00000000 00020000 00000000
0x0016d820 49781200 00000000 00040000 00000000
0x0016d830 63781200 00000000 00080000 00000000
0x0016d840 00000000 00000000 00000000 00000000
0x0016d850 00000000 00000000 00000000 00000000
0x0016d860 09ed1100 00000000 02000000 00000000
0x0016d870 9b781200 00000000 03000000 00000000
0x0016d880 73781200 00000000 02000000 00000000
0x0016d890 7c781200 00000000 03000000 00000000
0x0016d8a0 85781200 00000000 00000000 00000000
0x0016d8b0 8b781200 00000000 01000000 00000000
0x0016d8c0 91781200 00000000 00000000 00000000
0x0016d8d0 98781200 00000000 01000000 00000000
0x0016d8e0 00000000 00000000 00000000 00000000
0x0016d8f0 00000000 00000000 00000000 00000000
0x0016d900 9f781200 00000000 00000000 00000000
0x0016d910 a3781200 00000000 01000000 00000000
0x0016d920 b1781200 00000000 02000000 00000000
0x0016d930 b6781200 00000000 03000000 00000000
0x0016d940 c6781200 00000000 04000000 00000000
0x0016d950 00000000 00000000 00000000 00000000
0x0016d960 6c421200 00000000 00000000 00000000
0x0016d970 d0781200 00000000 01000000 00000000
0x0016d980 d6781200 00000000 02000000 00000000
0x0016d990 20a91200 00000000 03000000 00000000
0x0016d9a0 ef551200 00000000 04000000 00000000
0x0016d9b0 2ca91200 00000000 05000000 00000000
0x0016d9c0 e4781200 00000000 06000000 00000000
0x0016d9d0 5f991200 00000000 07000000 00000000
0x0016d9e0 34981200 00000000 08000000 00000000
0x0016d9f0 00000000 00000000 00000000 00000000
0x0016da00 ef781200 00000000 01000000 00000000
0x0016da10 fb781200 00000000 02000000 00000000
0x0016da20 08791200 00000000 03000000 00000000
0x0016da30 19791200 00000000 04000000 00000000
0x0016da40 29791200 00000000 05000000 00000000
0x0016da50 3d791200 00000000 06000000 00000000
0x0016da60 44791200 00000000 07000000 00000000
0x0016da70 00000000 00000000 00000000 00000000
0x0016da80 072a1200 00000000 01000000 00000000
0x0016da90 4f791200 00000000 03000000 00000000
0x0016daa0 1f941200 00000000 04000000 00000000
0x0016dab0 b7761200 00000000 10000000 00000000
0x0016dac0 00000000 00000000 00000000 00000000
0x0016dad0 00000000 00000000 00000000 00000000
0x0016dae0 5b791200 00000000 00000000 00000000
0x0016daf0 62791200 00000000 01000000 00000000
0x0016db00 67791200 00000000 02000000 00000000
0x0016db10 6e791200 00000000 08000000 00000000
0x0016db20 7a791200 00000000 03000000 00000000
0x0016db30 81791200 00000000 1b000000 00000000
0x0016db40 8b791200 00000000 1c000000 00000000
0x0016db50 95791200 00000000 04000000 00000000
0x0016db60 a2791200 00000000 05000000 00000000
0x0016db70 ad791200 00000000 06000000 00000000
0x0016db80 b3791200 00000000 16000000 00000000
0x0016db90 b8791200 00000000 17000000 00000000
0x0016dba0 bf791200 00000000 18000000 00000000
0x0016dbb0 c5791200 00000000 02000000 00000000
0x0016dbc0 cb791200 00000000 07000000 00000000
0x0016dbd0 d2791200 00000000 11000000 00000000
0x0016dbe0 dd791200 00000000 12000000 00000000
0x0016dbf0 e8791200 00000000 13000000 00000000
0x0016dc00 f2791200 00000000 1e000000 00000000
0x0016dc10 fa791200 00000000 1a000000 00000000
0x0016dc20 037a1200 00000000 0b000000 00000000
0x0016dc30 197a1200 00000000 0f000000 00000000
0x0016dc40 2f7a1200 00000000 09000000 00000000
0x0016dc50 3b7a1200 00000000 19000000 00000000
0x0016dc60 427a1200 00000000 1d000000 00000000
0x0016dc70 4a7a1200 00000000 14000000 00000000
0x0016dc80 487a1200 00000000 15000000 00000000
0x0016dc90 00000000 00000000 00000000 00000000
0x0016dca0 0a441100 00000000 00000000 00000000
0x0016dcb0 537a1200 00000000 ffffffff 00000000
0x0016dcc0 597a1200 00000000 01000000 00000000
0x0016dcd0 5d7a1200 00000000 02000000 00000000
0x0016dce0 627a1200 00000000 04000000 00000000
0x0016dcf0 03fa1100 00000000 08000000 00000000
0x0016dd00 e0f91100 00000000 08000000 00000000
0x0016dd10 667a1200 00000000 20000000 00000000
0x0016dd20 6a7a1200 00000000 80000000 00000000
0x0016dd30 6e7a1200 00000000 40000000 00000000
0x0016dd40 00000000 00000000 00000000 00000000
0x0016dd50 00000000 00000000 00000000 00000000
0x0016dd60 00000000 00000000 e0fc0d00 00000000
0x0016dd70 90ff0d00 00000000 00000000 00000000
0x0016dd80 70fc0d00 00000000 70fd0d00 00000000
0x0016dd90 00000000 00000000 b0fc0d00 00000000
0x0016dda0 d0fc0d00 00000000 d0ff0d00 00000000
0x0016ddb0 00000000 00000000 00000000 00000000
0x0016ddc0 40fd0d00 00000000 00000000 00000000
0x0016ddd0 00000000 00000000 00000000 00000000
0x0016dde0 00000000 00000000 00000000 00000000
0x0016ddf0 00000000 00000000 00000000 00000000
0x0016de00 10010e00 00000000 00000000 00000000
0x0016de10 e00c0e00 00000000 00000000 00000000
0x0016de20 f0ff0d00 00000000 f0090e00 00000000
0x0016de30 00000000 00000000 60070e00 00000000
0x0016de40 10150e00 00000000 b0010e00 00000000
0x0016de50 00000000 00000000 00000000 00000000
0x0016de60 00000000 00000000 00000000 00000000
0x0016de70 00000000 00000000 00000000 00000000
0x0016de80 00000000 00000000 00000000 00000000
0x0016de90 00000000 00000000 00000000 00000000
0x0016dea0 30303030 30300000 00000000 00000000
0x0016deb0 00000000 00000000 00000000 00000000
0x0016dec0 10300e00 00000000 00000000 00000000
0x0016ded0 80260e00 00000000 90260e00 00000000
0x0016dee0 701f0e00 00000000 803d0e00 00000000
0x0016def0 00000000 00000000 902a0e00 00000000
0x0016df00 e0280e00 00000000 802c0e00 00000000
0x0016df10 00240e00 00000000 70250e00 00000000
0x0016df20 00000000 00000000 00000000 00000000
0x0016df30 00000000 00000000 00000000 00000000
0x0016df40 00000000 00000000 00000000 00000000
0x0016df50 00000000 00000000 00000000 00000000
0x0016df60 10300e00 00000000 a0260e00 00000000
0x0016df70 80260e00 00000000 90260e00 00000000
0x0016df80 701f0e00 00000000 803d0e00 00000000
0x0016df90 00000000 00000000 902a0e00 00000000
0x0016dfa0 e0280e00 00000000 802c0e00 00000000
0x0016dfb0 d01f0e00 00000000 40220e00 00000000
0x0016dfc0 00000000 00000000 00000000 00000000
0x0016dfd0 00000000 00000000 00000000 00000000
0x0016dfe0 00000000 00000000 00000000 00000000
0x0016dff0 00000000 00000000 00000000 00000000
0x0016e000 70420e00 00000000 00000000 00000000
0x0016e010 20550e00 00000000 00000000 00000000
0x0016e020 f0400e00 00000000 70530e00 00000000
0x0016e030 50410e00 00000000 90410e00 00000000
0x0016e040 80570e00 00000000 60590e00 00000000
0x0016e050 00000000 00000000 00000000 00000000
0x0016e060 00000000 00000000 10490e00 00000000
0x0016e070 00000000 00000000 00000000 00000000
0x0016e080 00000000 00000000 00000000 00000000
0x0016e090 00000000 00000000 00000000 00000000
0x0016e0a0 d05f0e00 00000000 40740e00 00000000
0x0016e0b0 c0710e00 00000000 00000000 00000000
0x0016e0c0 10620e00 00000000 806d0e00 00000000
0x0016e0d0 905f0e00 00000000 f05f0e00 00000000
0x0016e0e0 20680e00 00000000 70660e00 00000000
0x0016e0f0 00000000 00000000 00000000 00000000
0x0016e100 006c0e00 00000000 00000000 00000000
0x0016e110 00000000 00000000 00000000 00000000
0x0016e120 00000000 00000000 00000000 00000000
0x0016e130 00000000 00000000 00000000 00000000
0x0016e140 01000100 00000000 00000000 00000000
0x0016e150 00000000 00000000 00000000 00000000
0x0016e160 808d0e00 00000000 b0790e00 00000000
0x0016e170 30780e00 00000000 00000000 00000000
0x0016e180 80770e00 00000000 90890e00 00000000
0x0016e190 00000000 00000000 408e0e00 00000000
0x0016e1a0 60820e00 00000000 907d0e00 00000000
0x0016e1b0 70770e00 00000000 308e0e00 00000000
0x0016e1c0 00000000 00000000 00000000 00000000
0x0016e1d0 00000000 00000000 00000000 00000000
0x0016e1e0 00000000 00000000 00000000 00000000
0x0016e1f0 00000000 00000000 00000000 00000000
0x0016e200 d0a60e00 00000000 90940e00 00000000
0x0016e210 90a70e00 00000000 00000000 00000000
0x0016e220 e0930e00 00000000 60a10e00 00000000
0x0016e230 40940e00 00000000 80940e00 00000000
0x0016e240 f09b0e00 00000000 f0a20e00 00000000
0x0016e250 00000000 00000000 00000000 00000000
0x0016e260 00000000 00000000 00000000 00000000
0x0016e270 00000000 00000000 00000000 00000000
0x0016e280 00000000 00000000 00000000 00000000
0x0016e290 00000000 00000000 00000000 00000000
0x0016e2a0 a0ae0e00 00000000 50aa0e00 00000000
0x0016e2b0 40b30e00 00000000 00000000 00000000
0x0016e2c0 60aa0e00 00000000 20ae0e00 00000000
0x0016e2d0 c0aa0e00 00000000 f0aa0e00 00000000
0x0016e2e0 00ab0e00 00000000 40af0e00 00000000
0x0016e2f0 00000000 00000000 00000000 00000000
0x0016e300 00000000 00000000 00000000 00000000
0x0016e310 00000000 00000000 00000000 00000000
0x0016e320 00000000 00000000 00000000 00000000
0x0016e330 00000000 00000000 00000000 00000000
0x0016e340 e0ce0e00 00000000 00000000 00000000
0x0016e350 30b60e00 00000000 00000000 00000000
0x0016e360 c0b70e00 00000000 90c50e00 00000000
0x0016e370 00000000 00000000 b0ba0e00 00000000
0x0016e380 80c10e00 00000000 00b80e00 00000000
0x0016e390 00000000 00000000 00000000 00000000
0x0016e3a0 00000000 00000000 00000000 00000000
0x0016e3b0 00000000 00000000 00000000 00000000
0x0016e3c0 00000000 00000000 00000000 00000000
0x0016e3d0 00000000 00000000 00000000 00000000
0x0016e3e0 00d30e00 00000000 00000000 00000000
0x0016e3f0 70d20e00 00000000 00000000 00000000
0x0016e400 90cf0e00 00000000 c0d00e00 00000000
0x0016e410 00000000 00000000 00000000 00000000
0x0016e420 00000000 00000000 00000000 00000000
0x0016e430 00000000 00000000 00000000 00000000
0x0016e440 00000000 00000000 00000000 00000000
0x0016e450 00000000 00000000 00000000 00000000
0x0016e460 00000000 00000000 00000000 00000000
0x0016e470 00000000 00000000 00000000 00000000
0x0016e480 b0e80e00 00000000 40e50e00 00000000
0x0016e490 80e90e00 00000000 00000000 00000000
0x0016e4a0 80d80e00 00000000 20e20e00 00000000
0x0016e4b0 c0d70e00 00000000 40d70e00 00000000
0x0016e4c0 c0dc0e00 00000000 00df0e00 00000000
0x0016e4d0 00000000 00000000 00000000 00000000
0x0016e4e0 00000000 00000000 00000000 00000000
0x0016e4f0 00000000 00000000 00000000 00000000
0x0016e500 00000000 00000000 00000000 00000000
0x0016e510 00000000 00000000 50d90e00 00000000
0x0016e520 20150f00 00000000 90fa0e00 00000000
0x0016e530 70f40e00 00000000 00000000 00000000
0x0016e540 e0ef0e00 00000000 00110f00 00000000
0x0016e550 40ef0e00 00000000 c0ee0e00 00000000
0x0016e560 500b0f00 00000000 60010f00 00000000
0x0016e570 00000000 00000000 00000000 00000000
0x0016e580 00000000 00000000 10f40e00 00000000
0x0016e590 00000000 00000000 00000000 00000000
0x0016e5a0 00000000 00000000 00000000 00000000
0x0016e5b0 00000000 00000000 a0f00e00 00000000
0x0016e5c0 f0370f00 00000000 d0340f00 00000000
0x0016e5d0 b02d0f00 00000000 00000000 00000000
0x0016e5e0 50380f00 00000000 b02f0f00 00000000
0x0016e5f0 40190f00 00000000 10270f00 00000000
0x0016e600 101f0f00 00000000 f01a0f00 00000000
0x0016e610 00000000 00000000 00000000 00000000
0x0016e620 20190f00 00000000 a0150f00 00000000
0x0016e630 00000000 00000000 00000000 00000000
0x0016e640 00000000 00000000 00000000 00000000
0x0016e650 00000000 00000000 00000000 00000000
0x0016e660 01000100 00000000 00000000 00000000
0x0016e670 00000000 00000000 00000000 00000000
0x0016e680 20600f00 00000000 20530f00 00000000
0x0016e690 a03c0f00 00000000 00000000 00000000
0x0016e6a0 703b0f00 00000000 504e0f00 00000000
0x0016e6b0 00000000 00000000 50550f00 00000000
0x0016e6c0 304a0f00 00000000 60400f00 00000000
0x0016e6d0 f03a0f00 00000000 703a0f00 00000000
0x0016e6e0 80390f00 00000000 20390f00 00000000
0x0016e6f0 00000000 00000000 00000000 00000000
0x0016e700 00000000 00000000 00000000 00000000
0x0016e710 00000000 00000000 00000000 00000000
0x0016e720 808d0f00 00000000 00000000 00000000
0x0016e730 10730f00 00000000 00000000 00000000
0x0016e740 c0650f00 00000000 60750f00 00000000
0x0016e750 00000000 00000000 d0870f00 00000000
0x0016e760 c0670f00 00000000 907e0f00 00000000
0x0016e770 00000000 00000000 00000000 00000000
0x0016e780 00000000 00000000 00000000 00000000
0x0016e790 00000000 00000000 00000000 00000000
0x0016e7a0 00000000 00000000 00000000 00000000
0x0016e7b0 00000000 00000000 00000000 00000000
0x0016e7c0 c0910f00 00000000 00000000 00000000
0x0016e7d0 d0910f00 00000000 00000000 00000000
0x0016e7e0 50a80f00 00000000 e0910f00 00000000
0x0016e7f0 00000000 00000000 f0920f00 00000000
0x0016e800 d0980f00 00000000 a0a10f00 00000000
0x0016e810 00000000 00000000 00000000 00000000
0x0016e820 00000000 00000000 00000000 00000000
0x0016e830 00000000 00000000 70920f00 00000000
0x0016e840 f0910f00 00000000 00000000 00000000
0x0016e850 70930f00 00000000 00000000 00000000
0x0016e860 01000100 00000000 00000000 00000000
0x0016e870 00000000 00000000 00000000 00000000
0x0016e880 00000000 00000000 00000000 00000000
0x0016e890 00000000 00000000 00000000 00000000
0x0016e8a0 00000000 00000000 00000000 00000000
0x0016e8b0 00000000 00000000 00a90f00 00000000
0x0016e8c0 70a80f00 00000000 40b90f00 00000000
0x0016e8d0 00000000 00000000 00000000 00000000
0x0016e8e0 00000000 00000000 e0ac0f00 00000000
0x0016e8f0 00000000 00000000 80b40f00 00000000
0x0016e900 00000000 00000000 00000000 00000000
0x0016e910 b0b00f00 00000000 00000000 00000000
0x0016e920 00000000 00000000 00000000 00000000
0x0016e930 10c90f00 00000000 00000000 00000000
0x0016e940 10c50f00 00000000 70c60f00 00000000
0x0016e950 50c40f00 00000000 00c40f00 00000000
0x0016e960 20d50f00 00000000 10cb0f00 00000000
0x0016e970 00000000 00000000 00000000 00000000
0x0016e980 00000000 00000000 00000000 00000000
0x0016e990 00000000 00000000 00000000 00000000
0x0016e9a0 00000000 00000000 00000000 00000000
0x0016e9b0 00000000 00000000 00000000 00000000
0x0016e9c0 00000000 00000000 00000000 00000000
0x0016e9d0 00000000 00000000 00000000 00000000
0x0016e9e0 00000000 00000000 00000000 00000000
0x0016e9f0 a0e20f00 00000000 e0e10f00 00000000
0x0016ea00 00e10f00 00000000 20e00f00 00000000
0x0016ea10 00000000 00000000 00000000 00000000
0x0016ea20 00000000 00000000 20de0f00 00000000
0x0016ea30 00000000 00000000 c0da0f00 00000000
0x0016ea40 40da0f00 00000000 00000000 00000000
0x0016ea50 40db0f00 00000000 00000000 00000000
0x0016ea60 01000000 01000000 ........
