Contents of (__DATA,__data) section
000000000021db90	01 00 00 00 01 01 00 01 00 01 00 00 fe ff ff 7f 
000000000021dba0	00 00 00 00 b0 04 00 00 28 00 00 00 00 00 01 00 
000000000021dbb0	00 00 00 00 00 00 00 00 00 00 00 00 00 00 00 00 
000000000021dbc0	00 00 00 00 00 00 00 00 00 00 00 00 00 00 00 00 
000000000021dbd0	00 00 00 00 00 00 00 00 00 00 00 00 00 00 00 00 
000000000021dbe0	00 00 00 00 00 00 00 00 00 00 00 00 00 00 00 00 
000000000021dbf0	00 00 00 00 00 00 00 00 00 00 00 00 00 00 00 00 
000000000021dc00	00 00 00 00 00 00 00 00 00 00 00 00 00 00 00 00 
000000000021dc10	00 00 00 00 00 00 00 00 00 00 00 00 00 00 00 00 
000000000021dc20	00 00 00 00 00 00 00 00 00 00 00 00 00 00 00 00 
000000000021dc30	00 00 00 00 00 00 00 00 00 00 00 00 00 00 00 00 
000000000021dc40	00 00 00 00 00 00 00 00 00 00 00 00 00 00 00 00 
000000000021dc50	00 00 00 00 00 00 00 00 00 00 00 00 00 00 00 00 
000000000021dc60	00 00 00 00 00 00 00 00 00 00 00 00 00 00 00 00 
000000000021dc70	00 00 00 00 00 00 00 00 00 00 00 00 00 00 00 00 
000000000021dc80	00 00 00 00 00 00 00 00 00 00 00 00 00 00 00 00 
000000000021dc90	00 00 00 00 00 00 00 00 00 00 00 00 00 00 00 00 
000000000021dca0	00 00 00 00 00 00 00 00 00 00 00 00 00 00 00 00 
000000000021dcb0	00 00 00 00 00 00 00 00 00 00 00 00 00 00 00 00 
000000000021dcc0	00 00 ff 7f 00 00 00 00 00 00 00 00 00 00 00 00 
000000000021dcd0	00 00 00 00 14 00 00 00 00 00 00 00 00 00 00 00 
000000000021dce0	fa 00 00 00 00 00 00 00 00 00 00 00 00 00 00 00 
000000000021dcf0	00 00 00 00 00 00 00 00 00 00 00 00 00 00 00 00 
000000000021dd00	00 00 00 00 00 00 00 00 00 00 00 00 00 00 00 00 
000000000021dd10	00 00 00 00 00 00 00 00 00 00 00 40 00 00 00 00 
000000000021dd20	00 00 00 00 00 00 00 00 00 00 00 00 fe ff ff 7f 
000000000021dd30	ff ff ff 7f 00 00 00 00 00 00 00 00 00 00 00 00 
000000000021dd40	00 00 00 00 00 00 00 00 00 00 00 00 00 00 00 00 
000000000021dd50	00 00 00 00 07 00 00 00 00 00 00 00 00 00 00 00 
000000000021dd60	03 00 00 00 80 00 00 00 00 02 00 00 00 00 00 00 
000000000021dd70	00 00 00 00 00 00 00 00 80 6b 1e 00 00 00 00 00 
000000000021dd80	d0 c6 20 00 00 00 00 00 f0 53 00 00 00 00 00 00 
000000000021dd90	00 5b 00 00 00 00 00 00 60 5c 00 00 00 00 00 00 
000000000021dda0	00 5d 00 00 00 00 00 00 80 64 18 00 00 00 00 00 
000000000021ddb0	90 64 18 00 00 00 00 00 f0 64 18 00 00 00 00 00 
000000000021ddc0	00 65 18 00 00 00 00 00 10 65 18 00 00 00 00 00 
000000000021ddd0	10 66 18 00 00 00 00 00 00 00 00 00 00 00 00 00 
000000000021dde0	40 66 18 00 00 00 00 00 90 63 00 00 00 00 00 00 
000000000021ddf0	50 66 18 00 00 00 00 00 70 6c 18 00 00 00 00 00 
000000000021de00	20 70 18 00 00 00 00 00 03 00 00 00 80 00 00 00 
000000000021de10	00 02 00 00 00 00 00 00 00 00 00 00 00 00 00 00 
000000000021de20	85 6b 1e 00 00 00 00 00 d8 c6 20 00 00 00 00 00 
000000000021de30	f0 53 00 00 00 00 00 00 00 5b 00 00 00 00 00 00 
000000000021de40	60 5c 00 00 00 00 00 00 00 5d 00 00 00 00 00 00 
000000000021de50	80 64 18 00 00 00 00 00 90 64 18 00 00 00 00 00 
000000000021de60	f0 64 18 00 00 00 00 00 00 65 18 00 00 00 00 00 
000000000021de70	10 65 18 00 00 00 00 00 10 66 18 00 00 00 00 00 
000000000021de80	00 00 00 00 00 00 00 00 40 66 18 00 00 00 00 00 
000000000021de90	90 63 00 00 00 00 00 00 50 66 18 00 00 00 00 00 
000000000021dea0	70 6c 18 00 00 00 00 00 20 70 18 00 00 00 00 00 
000000000021deb0	03 00 00 00 80 00 00 00 00 02 00 00 00 00 00 00 
000000000021dec0	00 00 00 00 00 00 00 00 8f 6b 1e 00 00 00 00 00 
000000000021ded0	e0 c6 20 00 00 00 00 00 f0 53 00 00 00 00 00 00 
000000000021dee0	00 5b 00 00 00 00 00 00 60 5c 00 00 00 00 00 00 
000000000021def0	00 5d 00 00 00 00 00 00 80 64 18 00 00 00 00 00 
000000000021df00	90 64 18 00 00 00 00 00 f0 64 18 00 00 00 00 00 
000000000021df10	00 65 18 00 00 00 00 00 10 65 18 00 00 00 00 00 
000000000021df20	10 66 18 00 00 00 00 00 00 00 00 00 00 00 00 00 
000000000021df30	40 66 18 00 00 00 00 00 90 63 00 00 00 00 00 00 
000000000021df40	50 66 18 00 00 00 00 00 70 6c 18 00 00 00 00 00 
000000000021df50	20 70 18 00 00 00 00 00 03 00 00 00 80 00 00 00 
000000000021df60	00 02 00 00 00 00 00 00 00 00 00 00 00 00 00 00 
000000000021df70	9c 6b 1e 00 00 00 00 00 e8 c6 20 00 00 00 00 00 
000000000021df80	f0 53 00 00 00 00 00 00 00 5b 00 00 00 00 00 00 
000000000021df90	60 5c 00 00 00 00 00 00 00 5d 00 00 00 00 00 00 
000000000021dfa0	80 64 18 00 00 00 00 00 90 64 18 00 00 00 00 00 
000000000021dfb0	f0 64 18 00 00 00 00 00 00 65 18 00 00 00 00 00 
000000000021dfc0	10 65 18 00 00 00 00 00 10 66 18 00 00 00 00 00 
000000000021dfd0	00 00 00 00 00 00 00 00 40 66 18 00 00 00 00 00 
000000000021dfe0	90 63 00 00 00 00 00 00 50 66 18 00 00 00 00 00 
000000000021dff0	70 6c 18 00 00 00 00 00 20 70 18 00 00 00 00 00 
000000000021e000	03 00 00 00 80 00 00 00 00 02 00 00 00 00 00 00 
000000000021e010	00 00 00 00 00 00 00 00 a6 6b 1e 00 00 00 00 00 
000000000021e020	e8 c6 20 00 00 00 00 00 f0 53 00 00 00 00 00 00 
000000000021e030	00 5b 00 00 00 00 00 00 60 5c 00 00 00 00 00 00 
000000000021e040	00 5d 00 00 00 00 00 00 80 64 18 00 00 00 00 00 
000000000021e050	90 64 18 00 00 00 00 00 f0 64 18 00 00 00 00 00 
000000000021e060	00 65 18 00 00 00 00 00 10 65 18 00 00 00 00 00 
000000000021e070	10 66 18 00 00 00 00 00 00 00 00 00 00 00 00 00 
000000000021e080	40 66 18 00 00 00 00 00 90 63 00 00 00 00 00 00 
000000000021e090	50 66 18 00 00 00 00 00 70 6c 18 00 00 00 00 00 
000000000021e0a0	20 70 18 00 00 00 00 00 03 00 00 00 80 00 00 00 
000000000021e0b0	00 02 00 00 00 00 00 00 00 00 00 00 00 00 00 00 
000000000021e0c0	b1 6b 1e 00 00 00 00 00 f0 c6 20 00 00 00 00 00 
000000000021e0d0	f0 53 00 00 00 00 00 00 00 5b 00 00 00 00 00 00 
000000000021e0e0	60 5c 00 00 00 00 00 00 00 5d 00 00 00 00 00 00 
000000000021e0f0	80 64 18 00 00 00 00 00 90 64 18 00 00 00 00 00 
000000000021e100	f0 64 18 00 00 00 00 00 00 65 18 00 00 00 00 00 
000000000021e110	10 65 18 00 00 00 00 00 10 66 18 00 00 00 00 00 
000000000021e120	00 00 00 00 00 00 00 00 40 66 18 00 00 00 00 00 
000000000021e130	90 63 00 00 00 00 00 00 50 66 18 00 00 00 00 00 
000000000021e140	70 6c 18 00 00 00 00 00 20 70 18 00 00 00 00 00 
000000000021e150	03 00 00 00 80 00 00 00 00 02 00 00 00 00 00 00 
000000000021e160	00 00 00 00 00 00 00 00 bc 6b 1e 00 00 00 00 00 
000000000021e170	f8 c6 20 00 00 00 00 00 f0 53 00 00 00 00 00 00 
000000000021e180	00 5b 00 00 00 00 00 00 60 5c 00 00 00 00 00 00 
000000000021e190	00 5d 00 00 00 00 00 00 80 64 18 00 00 00 00 00 
000000000021e1a0	90 64 18 00 00 00 00 00 f0 64 18 00 00 00 00 00 
000000000021e1b0	00 65 18 00 00 00 00 00 10 65 18 00 00 00 00 00 
000000000021e1c0	10 66 18 00 00 00 00 00 00 00 00 00 00 00 00 00 
000000000021e1d0	40 66 18 00 00 00 00 00 90 63 00 00 00 00 00 00 
000000000021e1e0	50 66 18 00 00 00 00 00 70 6c 18 00 00 00 00 00 
000000000021e1f0	20 70 18 00 00 00 00 00 03 00 00 00 80 00 00 00 
000000000021e200	00 02 00 00 00 00 00 00 00 00 00 00 00 00 00 00 
000000000021e210	c5 6b 1e 00 00 00 00 00 00 c7 20 00 00 00 00 00 
000000000021e220	f0 53 00 00 00 00 00 00 00 5b 00 00 00 00 00 00 
000000000021e230	60 5c 00 00 00 00 00 00 00 5d 00 00 00 00 00 00 
000000000021e240	80 64 18 00 00 00 00 00 90 64 18 00 00 00 00 00 
000000000021e250	f0 64 18 00 00 00 00 00 00 65 18 00 00 00 00 00 
000000000021e260	10 65 18 00 00 00 00 00 10 66 18 00 00 00 00 00 
000000000021e270	00 00 00 00 00 00 00 00 40 66 18 00 00 00 00 00 
000000000021e280	90 63 00 00 00 00 00 00 50 66 18 00 00 00 00 00 
000000000021e290	70 6c 18 00 00 00 00 00 20 70 18 00 00 00 00 00 
000000000021e2a0	03 00 00 00 80 00 00 00 00 02 00 00 00 00 00 00 
000000000021e2b0	00 00 00 00 00 00 00 00 ce 6b 1e 00 00 00 00 00 
000000000021e2c0	08 c7 20 00 00 00 00 00 f0 53 00 00 00 00 00 00 
000000000021e2d0	00 5b 00 00 00 00 00 00 60 5c 00 00 00 00 00 00 
000000000021e2e0	00 5d 00 00 00 00 00 00 80 64 18 00 00 00 00 00 
000000000021e2f0	90 64 18 00 00 00 00 00 f0 64 18 00 00 00 00 00 
000000000021e300	00 65 18 00 00 00 00 00 10 65 18 00 00 00 00 00 
000000000021e310	10 66 18 00 00 00 00 00 00 00 00 00 00 00 00 00 
000000000021e320	40 66 18 00 00 00 00 00 90 63 00 00 00 00 00 00 
000000000021e330	50 66 18 00 00 00 00 00 70 6c 18 00 00 00 00 00 
000000000021e340	20 70 18 00 00 00 00 00 00 00 00 40 00 00 00 00 
000000000021e350	a7 ab aa 32 00 00 00 00 00 00 00 00 00 00 00 00 
000000000021e360	00 00 00 00 00 00 00 00 00 00 00 00 00 00 00 00 
000000000021e370	00 00 00 00 00 00 00 00 00 00 00 00 00 00 00 00 
000000000021e380	00 00 00 00 00 00 00 00 00 00 00 00 00 00 00 00 
000000000021e390	a7 ab aa 32 00 00 00 00 00 00 00 00 00 00 00 00 
000000000021e3a0	00 00 00 00 00 00 00 00 00 00 00 00 00 00 00 00 
000000000021e3b0	00 00 00 00 00 00 00 00 00 00 00 00 00 00 00 00 
000000000021e3c0	00 00 00 00 00 00 00 00 00 00 00 00 00 00 00 00 
000000000021e3d0	a7 ab aa 32 00 00 00 00 00 00 00 00 00 00 00 00 
000000000021e3e0	00 00 00 00 00 00 00 00 00 00 00 00 00 00 00 00 
000000000021e3f0	00 00 00 00 00 00 00 00 00 00 00 00 00 00 00 00 
000000000021e400	00 00 00 00 00 00 00 00 00 00 00 00 00 00 00 00 
000000000021e410	a7 ab aa 32 00 00 00 00 00 00 00 00 00 00 00 00 
000000000021e420	00 00 00 00 00 00 00 00 00 00 00 00 00 00 00 00 
000000000021e430	00 00 00 00 00 00 00 00 00 00 00 00 00 00 00 00 
000000000021e440	00 00 00 00 00 00 00 00 00 00 00 00 00 00 00 00 
000000000021e450	a7 ab aa 32 00 00 00 00 00 00 00 00 00 00 00 00 
000000000021e460	00 00 00 00 00 00 00 00 00 00 00 00 00 00 00 00 
000000000021e470	00 00 00 00 00 00 00 00 00 00 00 00 00 00 00 00 
000000000021e480	00 00 00 00 00 00 00 00 00 00 00 00 00 00 00 00 
000000000021e490	a7 ab aa 32 00 00 00 00 00 00 00 00 00 00 00 00 
000000000021e4a0	00 00 00 00 00 00 00 00 00 00 00 00 00 00 00 00 
000000000021e4b0	00 00 00 00 00 00 00 00 00 00 00 00 00 00 00 00 
000000000021e4c0	00 00 00 00 00 00 00 00 00 00 00 00 00 00 00 00 
000000000021e4d0	a7 ab aa 32 00 00 00 00 00 00 00 00 00 00 00 00 
000000000021e4e0	00 00 00 00 00 00 00 00 00 00 00 00 00 00 00 00 
000000000021e4f0	00 00 00 00 00 00 00 00 00 00 00 00 00 00 00 00 
000000000021e500	00 00 00 00 00 00 00 00 00 00 00 00 00 00 00 00 
000000000021e510	a7 ab aa 32 00 00 00 00 00 00 00 00 00 00 00 00 
000000000021e520	00 00 00 00 00 00 00 00 00 00 00 00 00 00 00 00 
000000000021e530	00 00 00 00 00 00 00 00 00 00 00 00 00 00 00 00 
000000000021e540	00 00 00 00 00 00 00 00 00 00 00 00 00 00 00 00 
000000000021e550	a7 ab aa 32 00 00 00 00 00 00 00 00 00 00 00 00 
000000000021e560	00 00 00 00 00 00 00 00 00 00 00 00 00 00 00 00 
000000000021e570	00 00 00 00 00 00 00 00 00 00 00 00 00 00 00 00 
000000000021e580	00 00 00 00 00 00 00 00 00 00 00 00 00 00 00 00 
000000000021e590	a7 ab aa 32 00 00 00 00 00 00 00 00 00 00 00 00 
000000000021e5a0	00 00 00 00 00 00 00 00 00 00 00 00 00 00 00 00 
000000000021e5b0	00 00 00 00 00 00 00 00 00 00 00 00 00 00 00 00 
000000000021e5c0	00 00 00 00 00 00 00 00 00 00 00 00 00 00 00 00 
000000000021e5d0	a7 ab aa 32 00 00 00 00 00 00 00 00 00 00 00 00 
000000000021e5e0	00 00 00 00 00 00 00 00 00 00 00 00 00 00 00 00 
000000000021e5f0	00 00 00 00 00 00 00 00 00 00 00 00 00 00 00 00 
000000000021e600	00 00 00 00 00 00 00 00 00 00 00 00 00 00 00 00 
000000000021e610	a7 ab aa 32 00 00 00 00 00 00 00 00 00 00 00 00 
000000000021e620	00 00 00 00 00 00 00 00 00 00 00 00 00 00 00 00 
000000000021e630	00 00 00 00 00 00 00 00 00 00 00 00 00 00 00 00 
000000000021e640	00 00 00 00 00 00 00 00 00 00 00 00 00 00 00 00 
000000000021e650	fb 6f 1e 00 00 00 00 00 80 08 02 00 00 00 00 00 
000000000021e660	00 00 00 00 00 00 00 00 1b 6e 1e 00 00 00 00 00 
000000000021e670	00 00 00 00 00 00 00 00 00 00 00 00 00 00 00 00 
000000000021e680	00 70 1e 00 00 00 00 00 00 00 00 00 00 00 00 00 
000000000021e690	00 00 00 00 00 00 00 00 07 70 1e 00 00 00 00 00 
000000000021e6a0	00 00 00 00 00 00 00 00 00 00 00 00 00 00 00 00 
000000000021e6b0	0e 70 1e 00 00 00 00 00 00 00 00 00 00 00 00 00 
000000000021e6c0	00 00 00 00 00 00 00 00 13 70 1e 00 00 00 00 00 
000000000021e6d0	00 00 00 00 00 00 00 00 00 00 00 00 00 00 00 00 
000000000021e6e0	40 6e 1e 00 00 00 00 00 00 00 00 00 00 00 00 00 
000000000021e6f0	00 00 00 00 00 00 00 00 19 70 1e 00 00 00 00 00 
000000000021e700	00 00 00 00 00 00 00 00 00 00 00 00 00 00 00 00 
000000000021e710	1f 70 1e 00 00 00 00 00 00 00 00 00 00 00 00 00 
000000000021e720	00 00 00 00 00 00 00 00 24 70 1e 00 00 00 00 00 
000000000021e730	00 00 00 00 00 00 00 00 00 00 00 00 00 00 00 00 
000000000021e740	2a 70 1e 00 00 00 00 00 00 00 00 00 00 00 00 00 
000000000021e750	00 00 00 00 00 00 00 00 e1 6f 1e 00 00 00 00 00 
000000000021e760	00 00 00 00 00 00 00 00 00 00 00 00 00 00 00 00 
000000000021e770	32 70 1e 00 00 00 00 00 00 00 00 00 00 00 00 00 
000000000021e780	00 00 00 00 00 00 00 00 39 70 1e 00 00 00 00 00 
000000000021e790	00 00 00 00 00 00 00 00 00 00 00 00 00 00 00 00 
000000000021e7a0	42 70 1e 00 00 00 00 00 00 00 00 00 00 00 00 00 
000000000021e7b0	00 00 00 00 00 00 00 00 49 70 1e 00 00 00 00 00 
000000000021e7c0	00 00 00 00 00 00 00 00 00 00 00 00 00 00 00 00 
000000000021e7d0	53 70 1e 00 00 00 00 00 00 00 00 00 00 00 00 00 
000000000021e7e0	00 00 00 00 00 00 00 00 5a 70 1e 00 00 00 00 00 
000000000021e7f0	90 08 02 00 00 00 00 00 00 00 00 00 00 00 00 00 
000000000021e800	68 70 1e 00 00 00 00 00 00 00 00 00 00 00 00 00 
000000000021e810	00 00 00 00 00 00 00 00 6e 70 1e 00 00 00 00 00 
000000000021e820	00 00 00 00 00 00 00 00 00 00 00 00 00 00 00 00 
000000000021e830	74 70 1e 00 00 00 00 00 00 00 00 00 00 00 00 00 
000000000021e840	00 00 00 00 00 00 00 00 7b 70 1e 00 00 00 00 00 
000000000021e850	00 00 00 00 00 00 00 00 00 00 00 00 00 00 00 00 
000000000021e860	95 6e 1e 00 00 00 00 00 00 00 00 00 00 00 00 00 
000000000021e870	00 00 00 00 00 00 00 00 83 70 1e 00 00 00 00 00 
000000000021e880	00 00 00 00 00 00 00 00 00 00 00 00 00 00 00 00 
000000000021e890	8a 70 1e 00 00 00 00 00 00 00 00 00 00 00 00 00 
000000000021e8a0	00 00 00 00 00 00 00 00 91 70 1e 00 00 00 00 00 
000000000021e8b0	10 0a 02 00 00 00 00 00 00 00 00 00 00 00 00 00 
000000000021e8c0	9d 70 1e 00 00 00 00 00 00 00 00 00 00 00 00 00 
000000000021e8d0	00 00 00 00 00 00 00 00 a6 70 1e 00 00 00 00 00 
000000000021e8e0	00 00 00 00 00 00 00 00 00 00 00 00 00 00 00 00 
000000000021e8f0	ac 70 1e 00 00 00 00 00 00 00 00 00 00 00 00 00 
000000000021e900	00 00 00 00 00 00 00 00 00 00 00 00 00 00 00 00 
000000000021e910	02 00 00 00 01 48 44 00 01 00 00 00 00 00 00 00 
000000000021e920	00 00 00 00 00 00 00 00 d0 61 1a 00 00 00 00 00 
000000000021e930	00 00 00 00 00 00 00 00 00 00 00 00 00 00 00 00 
000000000021e940	00 00 00 00 00 00 00 00 1a bb 1e 00 00 00 00 00 
000000000021e950	00 00 00 00 00 00 00 00 02 00 00 00 01 48 44 00 
000000000021e960	03 00 00 00 00 00 00 00 00 00 00 00 00 00 00 00 
000000000021e970	d0 61 1a 00 00 00 00 00 00 00 00 00 00 00 00 00 
000000000021e980	00 00 00 00 00 00 00 00 00 00 00 00 00 00 00 00 
000000000021e990	2e bb 1e 00 00 00 00 00 00 00 00 00 00 00 00 00 
000000000021e9a0	02 00 00 00 01 48 44 00 02 00 00 00 00 00 00 00 
000000000021e9b0	00 00 00 00 00 00 00 00 d0 61 1a 00 00 00 00 00 
000000000021e9c0	00 00 00 00 00 00 00 00 00 00 00 00 00 00 00 00 
000000000021e9d0	00 00 00 00 00 00 00 00 3b bb 1e 00 00 00 00 00 
000000000021e9e0	00 00 00 00 00 00 00 00 01 00 00 00 01 00 28 00 
000000000021e9f0	00 00 00 00 00 00 00 00 00 00 00 00 00 00 00 00 
000000000021ea00	f0 61 1a 00 00 00 00 00 00 00 00 00 00 00 00 00 
000000000021ea10	00 00 00 00 00 00 00 00 00 00 00 00 00 00 00 00 
000000000021ea20	4d bb 1e 00 00 00 00 00 00 00 00 00 00 00 00 00 
000000000021ea30	02 00 00 00 01 00 28 00 00 00 00 00 00 00 00 00 
000000000021ea40	00 00 00 00 00 00 00 00 f0 61 1a 00 00 00 00 00 
000000000021ea50	00 00 00 00 00 00 00 00 00 00 00 00 00 00 00 00 
000000000021ea60	00 00 00 00 00 00 00 00 4d bb 1e 00 00 00 00 00 
000000000021ea70	00 00 00 00 00 00 00 00 01 00 00 00 01 20 00 00 
000000000021ea80	00 00 00 00 00 00 00 00 00 00 00 00 00 00 00 00 
000000000021ea90	00 63 1a 00 00 00 00 00 00 00 00 00 00 00 00 00 
000000000021eaa0	00 00 00 00 00 00 00 00 00 00 00 00 00 00 00 00 
000000000021eab0	5c bb 1e 00 00 00 00 00 00 00 00 00 00 00 00 00 
000000000021eac0	01 00 00 00 01 20 00 00 00 00 00 00 00 00 00 00 
000000000021ead0	00 00 00 00 00 00 00 00 40 63 1a 00 00 00 00 00 
000000000021eae0	00 00 00 00 00 00 00 00 00 00 00 00 00 00 00 00 
000000000021eaf0	00 00 00 00 00 00 00 00 76 bb 1e 00 00 00 00 00 
000000000021eb00	00 00 00 00 00 00 00 00 01 00 00 00 01 0c 40 00 
000000000021eb10	63 00 00 00 00 00 00 00 00 00 00 00 00 00 00 00 
000000000021eb20	d0 61 1a 00 00 00 00 00 00 00 00 00 00 00 00 00 
000000000021eb30	00 00 00 00 00 00 00 00 00 00 00 00 00 00 00 00 
000000000021eb40	8f bb 1e 00 00 00 00 00 00 00 00 00 00 00 00 00 
000000000021eb50	02 00 00 00 01 0c 40 00 63 00 00 00 00 00 00 00 
000000000021eb60	00 00 00 00 00 00 00 00 d0 61 1a 00 00 00 00 00 
000000000021eb70	00 00 00 00 00 00 00 00 00 00 00 00 00 00 00 00 
000000000021eb80	00 00 00 00 00 00 00 00 98 bb 1e 00 00 00 00 00 
000000000021eb90	00 00 00 00 00 00 00 00 01 00 00 00 01 0c 40 00 
000000000021eba0	63 00 00 00 00 00 00 00 00 00 00 00 00 00 00 00 
000000000021ebb0	d0 61 1a 00 00 00 00 00 00 00 00 00 00 00 00 00 
000000000021ebc0	00 00 00 00 00 00 00 00 00 00 00 00 00 00 00 00 
000000000021ebd0	a3 bb 1e 00 00 00 00 00 00 00 00 00 00 00 00 00 
000000000021ebe0	01 00 00 00 01 08 00 00 01 00 00 00 00 00 00 00 
000000000021ebf0	00 00 00 00 00 00 00 00 80 63 1a 00 00 00 00 00 
000000000021ec00	00 00 00 00 00 00 00 00 00 00 00 00 00 00 00 00 
000000000021ec10	00 00 00 00 00 00 00 00 aa bb 1e 00 00 00 00 00 
000000000021ec20	00 00 00 00 00 00 00 00 02 00 00 00 01 08 00 00 
000000000021ec30	01 00 00 00 00 00 00 00 00 00 00 00 00 00 00 00 
000000000021ec40	80 63 1a 00 00 00 00 00 00 00 00 00 00 00 00 00 
000000000021ec50	00 00 00 00 00 00 00 00 00 00 00 00 00 00 00 00 
000000000021ec60	aa bb 1e 00 00 00 00 00 00 00 00 00 00 00 00 00 
000000000021ec70	01 00 00 00 01 08 00 00 02 00 00 00 00 00 00 00 
000000000021ec80	00 00 00 00 00 00 00 00 80 63 1a 00 00 00 00 00 
000000000021ec90	00 00 00 00 00 00 00 00 00 00 00 00 00 00 00 00 
000000000021eca0	00 00 00 00 00 00 00 00 b0 bb 1e 00 00 00 00 00 
000000000021ecb0	00 00 00 00 00 00 00 00 02 00 00 00 01 08 00 00 
000000000021ecc0	02 00 00 00 00 00 00 00 00 00 00 00 00 00 00 00 
000000000021ecd0	80 63 1a 00 00 00 00 00 00 00 00 00 00 00 00 00 
000000000021ece0	00 00 00 00 00 00 00 00 00 00 00 00 00 00 00 00 
000000000021ecf0	b0 bb 1e 00 00 00 00 00 00 00 00 00 00 00 00 00 
000000000021ed00	01 00 00 00 01 08 00 00 03 00 00 00 00 00 00 00 
000000000021ed10	00 00 00 00 00 00 00 00 80 63 1a 00 00 00 00 00 
000000000021ed20	00 00 00 00 00 00 00 00 00 00 00 00 00 00 00 00 
000000000021ed30	00 00 00 00 00 00 00 00 b6 bb 1e 00 00 00 00 00 
000000000021ed40	00 00 00 00 00 00 00 00 02 00 00 00 01 08 00 00 
000000000021ed50	03 00 00 00 00 00 00 00 00 00 00 00 00 00 00 00 
000000000021ed60	80 63 1a 00 00 00 00 00 00 00 00 00 00 00 00 00 
000000000021ed70	00 00 00 00 00 00 00 00 00 00 00 00 00 00 00 00 
000000000021ed80	b6 bb 1e 00 00 00 00 00 00 00 00 00 00 00 00 00 
000000000021ed90	ff 00 00 00 21 08 00 00 00 00 00 00 00 00 00 00 
000000000021eda0	00 00 00 00 00 00 00 00 b0 ff 09 00 00 00 00 00 
000000000021edb0	00 00 00 00 00 00 00 00 00 00 00 00 00 00 00 00 
000000000021edc0	00 00 00 00 00 00 00 00 41 a3 1e 00 00 00 00 00 
000000000021edd0	00 00 00 00 00 00 00 00 00 00 00 00 21 08 00 00 
000000000021ede0	00 00 00 00 00 00 00 00 00 00 00 00 00 00 00 00 
000000000021edf0	00 00 00 00 00 00 00 00 00 00 00 00 00 00 00 00 
000000000021ee00	00 00 00 00 00 00 00 00 00 00 00 00 00 00 00 00 
000000000021ee10	41 a3 1e 00 00 00 00 00 00 00 00 00 00 00 00 00 
000000000021ee20	01 00 00 00 21 10 00 00 00 00 00 00 00 00 00 00 
000000000021ee30	00 00 00 00 00 00 00 00 d0 00 0a 00 00 00 00 00 
000000000021ee40	f0 01 0a 00 00 00 00 00 f0 65 1a 00 00 00 00 00 
000000000021ee50	00 00 00 00 00 00 00 00 41 a3 1e 00 00 00 00 00 
000000000021ee60	00 00 00 00 00 00 00 00 ff 00 00 00 21 08 00 00 
000000000021ee70	01 00 00 00 00 00 00 00 00 00 00 00 00 00 00 00 
000000000021ee80	b0 ff 09 00 00 00 00 00 00 00 00 00 00 00 00 00 
000000000021ee90	00 00 00 00 00 00 00 00 00 00 00 00 00 00 00 00 
000000000021eea0	45 a3 1e 00 00 00 00 00 00 00 00 00 00 00 00 00 
000000000021eeb0	00 00 00 00 21 08 00 00 01 00 00 00 00 00 00 00 
000000000021eec0	00 00 00 00 00 00 00 00 00 00 00 00 00 00 00 00 
000000000021eed0	00 00 00 00 00 00 00 00 00 00 00 00 00 00 00 00 
000000000021eee0	00 00 00 00 00 00 00 00 45 a3 1e 00 00 00 00 00 
000000000021eef0	00 00 00 00 00 00 00 00 01 00 00 00 21 10 00 00 
000000000021ef00	01 00 00 00 00 00 00 00 00 00 00 00 00 00 00 00 
000000000021ef10	d0 00 0a 00 00 00 00 00 f0 01 0a 00 00 00 00 00 
000000000021ef20	f0 65 1a 00 00 00 00 00 00 00 00 00 00 00 00 00 
000000000021ef30	45 a3 1e 00 00 00 00 00 00 00 00 00 00 00 00 00 
000000000021ef40	01 00 00 00 81 08 00 00 00 00 00 00 00 00 00 00 
000000000021ef50	00 00 00 00 00 00 00 00 00 66 1a 00 00 00 00 00 
000000000021ef60	00 00 00 00 00 00 00 00 00 00 00 00 00 00 00 00 
000000000021ef70	00 00 00 00 00 00 00 00 bb bb 1e 00 00 00 00 00 
000000000021ef80	00 00 00 00 00 00 00 00 01 00 00 00 41 08 00 00 
000000000021ef90	00 00 00 00 00 00 00 00 00 00 00 00 00 00 00 00 
000000000021efa0	30 66 1a 00 00 00 00 00 00 00 00 00 00 00 00 00 
000000000021efb0	00 00 00 00 00 00 00 00 00 00 00 00 00 00 00 00 
000000000021efc0	c2 bb 1e 00 00 00 00 00 00 00 00 00 00 00 00 00 
000000000021efd0	02 00 00 00 01 08 00 00 00 00 00 00 00 00 00 00 
000000000021efe0	00 00 00 00 00 00 00 00 00 02 0a 00 00 00 00 00 
000000000021eff0	00 00 00 00 00 00 00 00 00 00 00 00 00 00 00 00 
000000000021f000	00 00 00 00 00 00 00 00 c9 bb 1e 00 00 00 00 00 
000000000021f010	00 00 00 00 00 00 00 00 ff 00 00 00 01 08 00 00 
000000000021f020	00 00 00 00 00 00 00 00 00 00 00 00 00 00 00 00 
000000000021f030	f0 66 1a 00 00 00 00 00 00 00 00 00 00 00 00 00 
000000000021f040	00 00 00 00 00 00 00 00 00 00 00 00 00 00 00 00 
000000000021f050	cf bb 1e 00 00 00 00 00 00 00 00 00 00 00 00 00 
000000000021f060	01 00 00 00 01 08 00 00 00 00 00 00 00 00 00 00 
000000000021f070	00 00 00 00 00 00 00 00 e0 67 1a 00 00 00 00 00 
000000000021f080	00 00 00 00 00 00 00 00 00 00 00 00 00 00 00 00 
000000000021f090	00 00 00 00 00 00 00 00 d6 bb 1e 00 00 00 00 00 
000000000021f0a0	00 00 00 00 00 00 00 00 ff 00 00 00 01 08 00 00 
000000000021f0b0	00 00 00 00 00 00 00 00 00 00 00 00 00 00 00 00 
000000000021f0c0	a0 68 1a 00 00 00 00 00 00 00 00 00 00 00 00 00 
000000000021f0d0	00 00 00 00 00 00 00 00 00 00 00 00 00 00 00 00 
000000000021f0e0	de bb 1e 00 00 00 00 00 00 00 00 00 00 00 00 00 
000000000021f0f0	01 00 00 00 01 08 00 00 00 00 00 00 00 00 00 00 
000000000021f100	00 00 00 00 00 00 00 00 f0 69 1a 00 00 00 00 00 
000000000021f110	00 00 00 00 00 00 00 00 00 00 00 00 00 00 00 00 
000000000021f120	00 00 00 00 00 00 00 00 e3 bb 1e 00 00 00 00 00 
000000000021f130	00 00 00 00 00 00 00 00 01 00 00 00 01 08 00 00 
000000000021f140	00 00 00 00 00 00 00 00 00 00 00 00 00 00 00 00 
000000000021f150	20 05 0a 00 00 00 00 00 00 00 00 00 00 00 00 00 
000000000021f160	00 00 00 00 00 00 00 00 00 00 00 00 00 00 00 00 
000000000021f170	e7 bb 1e 00 00 00 00 00 00 00 00 00 00 00 00 00 
000000000021f180	02 00 00 00 01 08 00 00 00 00 00 00 00 00 00 00 
000000000021f190	00 00 00 00 00 00 00 00 20 05 0a 00 00 00 00 00 
000000000021f1a0	00 00 00 00 00 00 00 00 00 00 00 00 00 00 00 00 
000000000021f1b0	00 00 00 00 00 00 00 00 e7 bb 1e 00 00 00 00 00 
000000000021f1c0	00 00 00 00 00 00 00 00 01 00 00 00 01 08 00 00 
000000000021f1d0	00 00 00 00 00 00 00 00 00 00 00 00 00 00 00 00 
000000000021f1e0	80 6b 1a 00 00 00 00 00 00 00 00 00 00 00 00 00 
000000000021f1f0	00 00 00 00 00 00 00 00 00 00 00 00 00 00 00 00 
000000000021f200	ed bb 1e 00 00 00 00 00 00 00 00 00 00 00 00 00 
000000000021f210	01 00 00 00 01 08 00 00 00 00 00 00 00 00 00 00 
000000000021f220	00 00 00 00 00 00 00 00 00 6c 1a 00 00 00 00 00 
000000000021f230	00 00 00 00 00 00 00 00 00 00 00 00 00 00 00 00 
000000000021f240	00 00 00 00 00 00 00 00 f3 bb 1e 00 00 00 00 00 
000000000021f250	00 00 00 00 00 00 00 00 01 00 00 00 01 08 00 00 
000000000021f260	00 00 00 00 00 00 00 00 00 00 00 00 00 00 00 00 
000000000021f270	80 6c 1a 00 00 00 00 00 00 00 00 00 00 00 00 00 
000000000021f280	00 00 00 00 00 00 00 00 00 00 00 00 00 00 00 00 
000000000021f290	f9 bb 1e 00 00 00 00 00 00 00 00 00 00 00 00 00 
000000000021f2a0	02 00 00 00 01 08 40 00 00 00 00 00 00 00 00 00 
000000000021f2b0	00 00 00 00 00 00 00 00 d0 61 1a 00 00 00 00 00 
000000000021f2c0	00 00 00 00 00 00 00 00 00 00 00 00 00 00 00 00 
000000000021f2d0	00 00 00 00 00 00 00 00 fd bb 1e 00 00 00 00 00 
000000000021f2e0	00 00 00 00 00 00 00 00 00 00 00 00 01 00 00 00 
000000000021f2f0	00 00 00 00 00 00 00 00 00 00 00 00 00 00 00 00 
000000000021f300	30 6d 1a 00 00 00 00 00 00 00 00 00 00 00 00 00 
000000000021f310	00 00 00 00 00 00 00 00 00 00 00 00 00 00 00 00 
000000000021f320	04 bc 1e 00 00 00 00 00 00 00 00 00 00 00 00 00 
000000000021f330	01 00 00 00 01 00 00 00 00 00 00 00 00 00 00 00 
000000000021f340	00 00 00 00 00 00 00 00 b0 6d 1a 00 00 00 00 00 
000000000021f350	00 00 00 00 00 00 00 00 00 00 00 00 00 00 00 00 
000000000021f360	00 00 00 00 00 00 00 00 0b bc 1e 00 00 00 00 00 
000000000021f370	00 00 00 00 00 00 00 00 02 00 00 00 21 08 00 00 
000000000021f380	00 00 00 00 00 00 00 00 00 00 00 00 00 00 00 00 
000000000021f390	10 07 0a 00 00 00 00 00 00 00 00 00 00 00 00 00 
000000000021f3a0	00 00 00 00 00 00 00 00 00 00 00 00 00 00 00 00 
000000000021f3b0	16 bc 1e 00 00 00 00 00 00 00 00 00 00 00 00 00 
000000000021f3c0	00 00 00 00 01 20 00 00 00 00 00 00 00 00 00 00 
000000000021f3d0	00 00 00 00 00 00 00 00 d0 61 1a 00 00 00 00 00 
000000000021f3e0	00 00 00 00 00 00 00 00 00 00 00 00 00 00 00 00 
000000000021f3f0	00 00 00 00 00 00 00 00 1d bc 1e 00 00 00 00 00 
000000000021f400	00 00 00 00 00 00 00 00 00 00 00 00 01 20 00 00 
000000000021f410	00 00 00 00 00 00 00 00 00 00 00 00 00 00 00 00 
000000000021f420	10 6e 1a 00 00 00 00 00 00 00 00 00 00 00 00 00 
000000000021f430	00 00 00 00 00 00 00 00 00 00 00 00 00 00 00 00 
000000000021f440	2c bc 1e 00 00 00 00 00 00 00 00 00 00 00 00 00 
000000000021f450	02 00 00 00 01 08 00 00 00 00 00 00 00 00 00 00 
000000000021f460	00 00 00 00 00 00 00 00 30 6e 1a 00 00 00 00 00 
000000000021f470	00 00 00 00 00 00 00 00 00 00 00 00 00 00 00 00 
000000000021f480	00 00 00 00 00 00 00 00 3d bc 1e 00 00 00 00 00 
000000000021f490	00 00 00 00 00 00 00 00 01 00 00 00 01 08 00 00 
000000000021f4a0	00 00 00 00 00 00 00 00 00 00 00 00 00 00 00 00 
000000000021f4b0	70 6e 1a 00 00 00 00 00 00 00 00 00 00 00 00 00 
000000000021f4c0	00 00 00 00 00 00 00 00 00 00 00 00 00 00 00 00 
000000000021f4d0	48 bc 1e 00 00 00 00 00 00 00 00 00 00 00 00 00 
000000000021f4e0	00 00 00 00 01 00 00 00 00 00 00 00 00 00 00 00 
000000000021f4f0	00 00 00 00 00 00 00 00 80 71 1a 00 00 00 00 00 
000000000021f500	00 00 00 00 00 00 00 00 00 00 00 00 00 00 00 00 
000000000021f510	00 00 00 00 00 00 00 00 4e bc 1e 00 00 00 00 00 
000000000021f520	00 00 00 00 00 00 00 00 00 00 00 00 01 00 00 00 
000000000021f530	00 00 00 00 00 00 00 00 00 00 00 00 00 00 00 00 
000000000021f540	a0 71 1a 00 00 00 00 00 00 00 00 00 00 00 00 00 
000000000021f550	00 00 00 00 00 00 00 00 00 00 00 00 00 00 00 00 
000000000021f560	60 bc 1e 00 00 00 00 00 00 00 00 00 00 00 00 00 
000000000021f570	00 00 00 00 01 00 00 00 00 00 00 00 00 00 00 00 
000000000021f580	00 00 00 00 00 00 00 00 c0 71 1a 00 00 00 00 00 
000000000021f590	00 00 00 00 00 00 00 00 00 00 00 00 00 00 00 00 
000000000021f5a0	00 00 00 00 00 00 00 00 68 bc 1e 00 00 00 00 00 
000000000021f5b0	00 00 00 00 00 00 00 00 03 00 00 00 01 08 00 00 
000000000021f5c0	00 00 00 00 00 00 00 00 00 00 00 00 00 00 00 00 
000000000021f5d0	e0 71 1a 00 00 00 00 00 00 00 00 00 00 00 00 00 
000000000021f5e0	00 00 00 00 00 00 00 00 00 00 00 00 00 00 00 00 
000000000021f5f0	76 bc 1e 00 00 00 00 00 00 00 00 00 00 00 00 00 
000000000021f600	01 00 00 00 01 08 00 00 00 00 00 00 00 00 00 00 
000000000021f610	00 00 00 00 00 00 00 00 00 75 1a 00 00 00 00 00 
000000000021f620	00 00 00 00 00 00 00 00 00 00 00 00 00 00 00 00 
000000000021f630	00 00 00 00 00 00 00 00 7e bc 1e 00 00 00 00 00 
000000000021f640	00 00 00 00 00 00 00 00 02 00 00 00 01 08 00 00 
000000000021f650	00 00 00 00 00 00 00 00 00 00 00 00 00 00 00 00 
000000000021f660	b0 07 0a 00 00 00 00 00 00 00 00 00 00 00 00 00 
000000000021f670	00 00 00 00 00 00 00 00 00 00 00 00 00 00 00 00 
000000000021f680	87 bc 1e 00 00 00 00 00 00 00 00 00 00 00 00 00 
000000000021f690	03 00 00 00 01 08 00 00 00 00 00 00 00 00 00 00 
000000000021f6a0	00 00 00 00 00 00 00 00 b0 07 0a 00 00 00 00 00 
000000000021f6b0	00 00 00 00 00 00 00 00 00 00 00 00 00 00 00 00 
000000000021f6c0	00 00 00 00 00 00 00 00 87 bc 1e 00 00 00 00 00 
000000000021f6d0	00 00 00 00 00 00 00 00 02 00 00 00 01 08 00 00 
000000000021f6e0	00 00 00 00 00 00 00 00 00 00 00 00 00 00 00 00 
000000000021f6f0	b0 07 0a 00 00 00 00 00 00 00 00 00 00 00 00 00 
000000000021f700	00 00 00 00 00 00 00 00 00 00 00 00 00 00 00 00 
000000000021f710	8e bc 1e 00 00 00 00 00 00 00 00 00 00 00 00 00 
000000000021f720	03 00 00 00 01 08 00 00 00 00 00 00 00 00 00 00 
000000000021f730	00 00 00 00 00 00 00 00 b0 07 0a 00 00 00 00 00 
000000000021f740	00 00 00 00 00 00 00 00 00 00 00 00 00 00 00 00 
000000000021f750	00 00 00 00 00 00 00 00 8e bc 1e 00 00 00 00 00 
000000000021f760	00 00 00 00 00 00 00 00 01 00 00 00 01 00 00 00 
000000000021f770	00 00 00 00 00 00 00 00 00 00 00 00 00 00 00 00 
000000000021f780	30 75 1a 00 00 00 00 00 70 76 1a 00 00 00 00 00 
000000000021f790	70 76 1a 00 00 00 00 00 70 77 1a 00 00 00 00 00 
000000000021f7a0	98 bc 1e 00 00 00 00 00 00 00 00 00 00 00 00 00 
000000000021f7b0	01 00 00 00 01 00 00 00 00 00 00 00 00 00 00 00 
000000000021f7c0	00 00 00 00 00 00 00 00 30 75 1a 00 00 00 00 00 
000000000021f7d0	60 78 1a 00 00 00 00 00 60 78 1a 00 00 00 00 00 
000000000021f7e0	70 77 1a 00 00 00 00 00 9c bc 1e 00 00 00 00 00 
000000000021f7f0	00 00 00 00 00 00 00 00 01 00 00 00 01 00 00 00 
000000000021f800	00 00 00 00 00 00 00 00 00 00 00 00 00 00 00 00 
000000000021f810	30 75 1a 00 00 00 00 00 e0 78 1a 00 00 00 00 00 
000000000021f820	e0 78 1a 00 00 00 00 00 70 77 1a 00 00 00 00 00 
000000000021f830	a2 bc 1e 00 00 00 00 00 00 00 00 00 00 00 00 00 
000000000021f840	00 00 00 00 01 01 00 00 00 00 00 00 00 00 00 00 
000000000021f850	00 00 00 00 00 00 00 00 80 79 1a 00 00 00 00 00 
000000000021f860	70 0b 0a 00 00 00 00 00 70 0b 0a 00 00 00 00 00 
000000000021f870	d0 79 1a 00 00 00 00 00 a6 bc 1e 00 00 00 00 00 
000000000021f880	00 00 00 00 00 00 00 00 01 00 00 00 01 00 00 00 
000000000021f890	00 00 00 00 00 00 00 00 00 00 00 00 00 00 00 00 
000000000021f8a0	80 79 1a 00 00 00 00 00 70 0b 0a 00 00 00 00 00 
000000000021f8b0	70 0b 0a 00 00 00 00 00 d0 79 1a 00 00 00 00 00 
000000000021f8c0	a6 bc 1e 00 00 00 00 00 00 00 00 00 00 00 00 00 
000000000021f8d0	01 00 00 00 01 00 00 00 00 00 00 00 00 00 00 00 
000000000021f8e0	00 00 00 00 00 00 00 00 20 7a 1a 00 00 00 00 00 
000000000021f8f0	10 7b 1a 00 00 00 00 00 c0 7b 1a 00 00 00 00 00 
000000000021f900	50 7c 1a 00 00 00 00 00 ac bc 1e 00 00 00 00 00 
000000000021f910	00 00 00 00 00 00 00 00 02 00 00 00 01 00 00 00 
000000000021f920	00 00 00 00 00 00 00 00 00 00 00 00 00 00 00 00 
000000000021f930	20 7a 1a 00 00 00 00 00 10 7b 1a 00 00 00 00 00 
000000000021f940	c0 7b 1a 00 00 00 00 00 50 7c 1a 00 00 00 00 00 
000000000021f950	ac bc 1e 00 00 00 00 00 00 00 00 00 00 00 00 00 
000000000021f960	02 00 00 00 0d 08 00 00 28 af 1d 00 00 00 00 00 
000000000021f970	00 00 00 00 00 00 00 00 10 bd 09 00 00 00 00 00 
000000000021f980	00 00 00 00 00 00 00 00 00 00 00 00 00 00 00 00 
000000000021f990	00 00 00 00 00 00 00 00 af a0 1e 00 00 00 00 00 
000000000021f9a0	00 00 00 00 00 00 00 00 02 00 00 00 05 08 00 00 
000000000021f9b0	2c af 1d 00 00 00 00 00 00 00 00 00 00 00 00 00 
000000000021f9c0	10 bd 09 00 00 00 00 00 00 00 00 00 00 00 00 00 
000000000021f9d0	00 00 00 00 00 00 00 00 00 00 00 00 00 00 00 00 
000000000021f9e0	b4 a0 1e 00 00 00 00 00 00 00 00 00 00 00 00 00 
000000000021f9f0	03 00 00 00 05 08 00 00 2c af 1d 00 00 00 00 00 
000000000021fa00	00 00 00 00 00 00 00 00 10 bd 09 00 00 00 00 00 
000000000021fa10	00 00 00 00 00 00 00 00 00 00 00 00 00 00 00 00 
000000000021fa20	00 00 00 00 00 00 00 00 b4 a0 1e 00 00 00 00 00 
000000000021fa30	00 00 00 00 00 00 00 00 01 00 00 00 01 08 00 00 
000000000021fa40	00 00 00 00 00 00 00 00 00 00 00 00 00 00 00 00 
000000000021fa50	00 00 00 00 00 00 00 00 00 00 00 00 00 00 00 00 
000000000021fa60	00 00 00 00 00 00 00 00 00 00 00 00 00 00 00 00 
000000000021fa70	b9 bc 1e 00 00 00 00 00 00 00 00 00 00 00 00 00 
000000000021fa80	00 00 00 00 01 08 00 00 00 00 00 00 00 00 00 00 
000000000021fa90	00 00 00 00 00 00 00 00 00 00 00 00 00 00 00 00 
000000000021faa0	00 00 00 00 00 00 00 00 00 00 00 00 00 00 00 00 
000000000021fab0	00 00 00 00 00 00 00 00 b9 bc 1e 00 00 00 00 00 
000000000021fac0	00 00 00 00 00 00 00 00 01 00 00 00 01 08 00 00 
000000000021fad0	00 7d 1a 00 00 00 00 00 00 00 00 00 00 00 00 00 
000000000021fae0	10 7d 1a 00 00 00 00 00 00 00 00 00 00 00 00 00 
000000000021faf0	00 00 00 00 00 00 00 00 00 00 00 00 00 00 00 00 
000000000021fb00	c2 bc 1e 00 00 00 00 00 00 00 00 00 00 00 00 00 
000000000021fb10	01 00 00 00 01 08 00 00 00 7d 1a 00 00 00 00 00 
000000000021fb20	00 00 00 00 00 00 00 00 10 7d 1a 00 00 00 00 00 
000000000021fb30	00 00 00 00 00 00 00 00 00 00 00 00 00 00 00 00 
000000000021fb40	00 00 00 00 00 00 00 00 c7 bc 1e 00 00 00 00 00 
000000000021fb50	00 00 00 00 00 00 00 00 01 00 00 00 01 08 00 00 
000000000021fb60	40 7e 1a 00 00 00 00 00 00 00 00 00 00 00 00 00 
000000000021fb70	10 7d 1a 00 00 00 00 00 00 00 00 00 00 00 00 00 
000000000021fb80	00 00 00 00 00 00 00 00 00 00 00 00 00 00 00 00 
000000000021fb90	cf bc 1e 00 00 00 00 00 00 00 00 00 00 00 00 00 
000000000021fba0	01 00 00 00 01 08 00 00 00 00 00 00 00 00 00 00 
000000000021fbb0	00 00 00 00 00 00 00 00 10 7d 1a 00 00 00 00 00 
000000000021fbc0	00 00 00 00 00 00 00 00 00 00 00 00 00 00 00 00 
000000000021fbd0	00 00 00 00 00 00 00 00 d5 bc 1e 00 00 00 00 00 
000000000021fbe0	00 00 00 00 00 00 00 00 01 00 00 00 01 08 00 00 
000000000021fbf0	00 00 00 00 00 00 00 00 00 00 00 00 00 00 00 00 
000000000021fc00	50 7e 1a 00 00 00 00 00 00 00 00 00 00 00 00 00 
000000000021fc10	00 00 00 00 00 00 00 00 00 00 00 00 00 00 00 00 
000000000021fc20	db bc 1e 00 00 00 00 00 00 00 00 00 00 00 00 00 
000000000021fc30	01 00 00 00 01 08 00 00 01 00 00 00 00 00 00 00 
000000000021fc40	00 00 00 00 00 00 00 00 50 7e 1a 00 00 00 00 00 
000000000021fc50	00 00 00 00 00 00 00 00 00 00 00 00 00 00 00 00 
000000000021fc60	00 00 00 00 00 00 00 00 6e 89 1e 00 00 00 00 00 
000000000021fc70	00 00 00 00 00 00 00 00 01 00 00 00 01 08 00 00 
000000000021fc80	01 00 00 00 00 00 00 00 00 00 00 00 00 00 00 00 
000000000021fc90	50 7e 1a 00 00 00 00 00 00 00 00 00 00 00 00 00 
000000000021fca0	00 00 00 00 00 00 00 00 00 00 00 00 00 00 00 00 
000000000021fcb0	de bc 1e 00 00 00 00 00 00 00 00 00 00 00 00 00 
000000000021fcc0	01 00 00 00 01 08 00 00 02 00 00 00 00 00 00 00 
000000000021fcd0	00 00 00 00 00 00 00 00 50 7e 1a 00 00 00 00 00 
000000000021fce0	00 00 00 00 00 00 00 00 00 00 00 00 00 00 00 00 
000000000021fcf0	00 00 00 00 00 00 00 00 e4 bc 1e 00 00 00 00 00 
000000000021fd00	00 00 00 00 00 00 00 00 02 00 00 00 01 08 00 00 
000000000021fd10	00 00 00 00 00 00 00 00 00 00 00 00 00 00 00 00 
000000000021fd20	50 7e 1a 00 00 00 00 00 00 00 00 00 00 00 00 00 
000000000021fd30	00 00 00 00 00 00 00 00 00 00 00 00 00 00 00 00 
000000000021fd40	6e 89 1e 00 00 00 00 00 00 00 00 00 00 00 00 00 
000000000021fd50	01 00 00 00 01 08 00 00 00 00 00 00 00 00 00 00 
000000000021fd60	00 00 00 00 00 00 00 00 50 80 1a 00 00 00 00 00 
000000000021fd70	00 00 00 00 00 00 00 00 00 00 00 00 00 00 00 00 
000000000021fd80	00 00 00 00 00 00 00 00 e9 bc 1e 00 00 00 00 00 
000000000021fd90	00 00 00 00 00 00 00 00 02 00 00 00 01 08 00 00 
000000000021fda0	00 00 00 00 00 00 00 00 00 00 00 00 00 00 00 00 
000000000021fdb0	40 81 1a 00 00 00 00 00 00 00 00 00 00 00 00 00 
000000000021fdc0	00 00 00 00 00 00 00 00 00 00 00 00 00 00 00 00 
000000000021fdd0	ed bc 1e 00 00 00 00 00 00 00 00 00 00 00 00 00 
000000000021fde0	02 00 00 00 01 08 00 00 00 00 00 00 00 00 00 00 
000000000021fdf0	00 00 00 00 00 00 00 00 40 81 1a 00 00 00 00 00 
000000000021fe00	00 00 00 00 00 00 00 00 00 00 00 00 00 00 00 00 
000000000021fe10	00 00 00 00 00 00 00 00 f1 bc 1e 00 00 00 00 00 
000000000021fe20	00 00 00 00 00 00 00 00 02 00 00 00 01 08 00 00 
000000000021fe30	00 00 00 00 00 00 00 00 00 00 00 00 00 00 00 00 
000000000021fe40	40 81 1a 00 00 00 00 00 00 00 00 00 00 00 00 00 
000000000021fe50	00 00 00 00 00 00 00 00 00 00 00 00 00 00 00 00 
000000000021fe60	f7 bc 1e 00 00 00 00 00 00 00 00 00 00 00 00 00 
000000000021fe70	01 00 00 00 01 08 00 00 00 00 00 00 00 00 00 00 
000000000021fe80	00 00 00 00 00 00 00 00 50 80 1a 00 00 00 00 00 
000000000021fe90	00 00 00 00 00 00 00 00 00 00 00 00 00 00 00 00 
000000000021fea0	00 00 00 00 00 00 00 00 fb bc 1e 00 00 00 00 00 
000000000021feb0	00 00 00 00 00 00 00 00 01 00 00 00 01 08 00 00 
000000000021fec0	00 00 00 00 00 00 00 00 00 00 00 00 00 00 00 00 
000000000021fed0	50 80 1a 00 00 00 00 00 00 00 00 00 00 00 00 00 
000000000021fee0	00 00 00 00 00 00 00 00 00 00 00 00 00 00 00 00 
000000000021fef0	00 bd 1e 00 00 00 00 00 00 00 00 00 00 00 00 00 
000000000021ff00	01 00 00 00 01 08 00 00 00 00 00 00 00 00 00 00 
000000000021ff10	00 00 00 00 00 00 00 00 50 80 1a 00 00 00 00 00 
000000000021ff20	00 00 00 00 00 00 00 00 00 00 00 00 00 00 00 00 
000000000021ff30	00 00 00 00 00 00 00 00 05 bd 1e 00 00 00 00 00 
000000000021ff40	00 00 00 00 00 00 00 00 02 00 00 00 01 08 00 00 
000000000021ff50	00 00 00 00 00 00 00 00 00 00 00 00 00 00 00 00 
000000000021ff60	40 81 1a 00 00 00 00 00 00 00 00 00 00 00 00 00 
000000000021ff70	00 00 00 00 00 00 00 00 00 00 00 00 00 00 00 00 
000000000021ff80	0a bd 1e 00 00 00 00 00 00 00 00 00 00 00 00 00 
000000000021ff90	01 00 00 00 01 08 00 00 00 00 00 00 00 00 00 00 
000000000021ffa0	00 00 00 00 00 00 00 00 50 80 1a 00 00 00 00 00 
000000000021ffb0	00 00 00 00 00 00 00 00 00 00 00 00 00 00 00 00 
000000000021ffc0	00 00 00 00 00 00 00 00 10 bd 1e 00 00 00 00 00 
000000000021ffd0	00 00 00 00 00 00 00 00 01 00 00 00 01 08 00 00 
000000000021ffe0	00 00 00 00 00 00 00 00 00 00 00 00 00 00 00 00 
000000000021fff0	50 80 1a 00 00 00 00 00 00 00 00 00 00 00 00 00 
0000000000220000	00 00 00 00 00 00 00 00 00 00 00 00 00 00 00 00 
0000000000220010	14 bd 1e 00 00 00 00 00 00 00 00 00 00 00 00 00 
0000000000220020	01 00 00 00 01 08 00 00 00 00 00 00 00 00 00 00 
0000000000220030	00 00 00 00 00 00 00 00 50 80 1a 00 00 00 00 00 
0000000000220040	00 00 00 00 00 00 00 00 00 00 00 00 00 00 00 00 
0000000000220050	00 00 00 00 00 00 00 00 18 bd 1e 00 00 00 00 00 
0000000000220060	00 00 00 00 00 00 00 00 01 00 00 00 01 08 00 00 
0000000000220070	00 00 00 00 00 00 00 00 00 00 00 00 00 00 00 00 
0000000000220080	50 80 1a 00 00 00 00 00 00 00 00 00 00 00 00 00 
0000000000220090	00 00 00 00 00 00 00 00 00 00 00 00 00 00 00 00 
00000000002200a0	1c bd 1e 00 00 00 00 00 00 00 00 00 00 00 00 00 
00000000002200b0	01 00 00 00 01 08 00 00 00 00 00 00 00 00 00 00 
00000000002200c0	00 00 00 00 00 00 00 00 50 80 1a 00 00 00 00 00 
00000000002200d0	00 00 00 00 00 00 00 00 00 00 00 00 00 00 00 00 
00000000002200e0	00 00 00 00 00 00 00 00 21 bd 1e 00 00 00 00 00 
00000000002200f0	00 00 00 00 00 00 00 00 01 00 00 00 01 08 00 00 
0000000000220100	00 00 00 00 00 00 00 00 00 00 00 00 00 00 00 00 
0000000000220110	50 80 1a 00 00 00 00 00 00 00 00 00 00 00 00 00 
0000000000220120	00 00 00 00 00 00 00 00 00 00 00 00 00 00 00 00 
0000000000220130	26 bd 1e 00 00 00 00 00 00 00 00 00 00 00 00 00 
0000000000220140	01 00 00 00 01 08 00 00 00 00 00 00 00 00 00 00 
0000000000220150	00 00 00 00 00 00 00 00 50 80 1a 00 00 00 00 00 
0000000000220160	00 00 00 00 00 00 00 00 00 00 00 00 00 00 00 00 
0000000000220170	00 00 00 00 00 00 00 00 2b bd 1e 00 00 00 00 00 
0000000000220180	00 00 00 00 00 00 00 00 01 00 00 00 01 08 00 00 
0000000000220190	00 00 00 00 00 00 00 00 00 00 00 00 00 00 00 00 
00000000002201a0	50 80 1a 00 00 00 00 00 00 00 00 00 00 00 00 00 
00000000002201b0	00 00 00 00 00 00 00 00 00 00 00 00 00 00 00 00 
00000000002201c0	31 bd 1e 00 00 00 00 00 00 00 00 00 00 00 00 00 
00000000002201d0	01 00 00 00 01 08 00 00 00 00 00 00 00 00 00 00 
00000000002201e0	00 00 00 00 00 00 00 00 50 80 1a 00 00 00 00 00 
00000000002201f0	00 00 00 00 00 00 00 00 00 00 00 00 00 00 00 00 
0000000000220200	00 00 00 00 00 00 00 00 37 bd 1e 00 00 00 00 00 
0000000000220210	00 00 00 00 00 00 00 00 01 00 00 00 01 08 00 00 
0000000000220220	00 00 00 00 00 00 00 00 00 00 00 00 00 00 00 00 
0000000000220230	50 80 1a 00 00 00 00 00 00 00 00 00 00 00 00 00 
0000000000220240	00 00 00 00 00 00 00 00 00 00 00 00 00 00 00 00 
0000000000220250	3d bd 1e 00 00 00 00 00 00 00 00 00 00 00 00 00 
0000000000220260	01 00 00 00 01 08 00 00 d0 82 1a 00 00 00 00 00 
0000000000220270	00 00 00 00 00 00 00 00 50 80 1a 00 00 00 00 00 
0000000000220280	00 00 00 00 00 00 00 00 00 00 00 00 00 00 00 00 
0000000000220290	00 00 00 00 00 00 00 00 42 bd 1e 00 00 00 00 00 
00000000002202a0	00 00 00 00 00 00 00 00 01 00 00 00 01 08 00 00 
00000000002202b0	e0 82 1a 00 00 00 00 00 00 00 00 00 00 00 00 00 
00000000002202c0	50 80 1a 00 00 00 00 00 00 00 00 00 00 00 00 00 
00000000002202d0	00 00 00 00 00 00 00 00 00 00 00 00 00 00 00 00 
00000000002202e0	4a bd 1e 00 00 00 00 00 00 00 00 00 00 00 00 00 
00000000002202f0	00 00 00 00 01 08 00 00 00 00 00 00 00 00 00 00 
0000000000220300	00 00 00 00 00 00 00 00 f0 82 1a 00 00 00 00 00 
0000000000220310	00 00 00 00 00 00 00 00 00 00 00 00 00 00 00 00 
0000000000220320	00 00 00 00 00 00 00 00 52 bd 1e 00 00 00 00 00 
0000000000220330	00 00 00 00 00 00 00 00 01 00 00 00 01 08 00 00 
0000000000220340	00 00 00 00 00 00 00 00 00 00 00 00 00 00 00 00 
0000000000220350	20 83 1a 00 00 00 00 00 00 00 00 00 00 00 00 00 
0000000000220360	00 00 00 00 00 00 00 00 00 00 00 00 00 00 00 00 
0000000000220370	55 bd 1e 00 00 00 00 00 00 00 00 00 00 00 00 00 
0000000000220380	ff 00 00 00 01 08 40 00 00 00 00 00 00 00 00 00 
0000000000220390	00 00 00 00 00 00 00 00 d0 61 1a 00 00 00 00 00 
00000000002203a0	00 00 00 00 00 00 00 00 00 00 00 00 00 00 00 00 
00000000002203b0	00 00 00 00 00 00 00 00 b9 bc 1e 00 00 00 00 00 
00000000002203c0	00 00 00 00 00 00 00 00 03 00 00 00 01 08 40 00 
00000000002203d0	05 00 00 00 00 00 00 00 00 00 00 00 00 00 00 00 
00000000002203e0	d0 61 1a 00 00 00 00 00 00 00 00 00 00 00 00 00 
00000000002203f0	00 00 00 00 00 00 00 00 00 00 00 00 00 00 00 00 
0000000000220400	5a bd 1e 00 00 00 00 00 00 00 00 00 00 00 00 00 
0000000000220410	09 00 00 00 01 08 04 00 00 00 00 00 00 00 00 00 
0000000000220420	00 00 00 00 00 00 00 00 50 84 1a 00 00 00 00 00 
0000000000220430	00 00 00 00 00 00 00 00 00 00 00 00 00 00 00 00 
0000000000220440	00 00 00 00 00 00 00 00 85 bd 1e 00 00 00 00 00 
0000000000220450	00 00 00 00 00 00 00 00 07 00 00 00 01 08 04 00 
0000000000220460	00 00 00 00 00 00 00 00 00 00 00 00 00 00 00 00 
0000000000220470	70 0c 0a 00 00 00 00 00 00 00 00 00 00 00 00 00 
0000000000220480	00 00 00 00 00 00 00 00 00 00 00 00 00 00 00 00 
0000000000220490	9a bd 1e 00 00 00 00 00 00 00 00 00 00 00 00 00 
00000000002204a0	07 00 00 00 01 08 04 00 00 00 00 00 00 00 00 00 
00000000002204b0	00 00 00 00 00 00 00 00 f0 8c 1a 00 00 00 00 00 
00000000002204c0	00 00 00 00 00 00 00 00 00 00 00 00 00 00 00 00 
00000000002204d0	00 00 00 00 00 00 00 00 ae bd 1e 00 00 00 00 00 
00000000002204e0	00 00 00 00 00 00 00 00 03 00 00 00 01 08 04 00 
00000000002204f0	00 00 00 00 00 00 00 00 00 00 00 00 00 00 00 00 
0000000000220500	f0 97 1a 00 00 00 00 00 00 00 00 00 00 00 00 00 
0000000000220510	00 00 00 00 00 00 00 00 00 00 00 00 00 00 00 00 
0000000000220520	c1 bd 1e 00 00 00 00 00 00 00 00 00 00 00 00 00 
0000000000220530	02 00 00 00 01 08 04 00 00 00 00 00 00 00 00 00 
0000000000220540	00 00 00 00 00 00 00 00 20 9a 1a 00 00 00 00 00 
0000000000220550	00 00 00 00 00 00 00 00 00 00 00 00 00 00 00 00 
0000000000220560	00 00 00 00 00 00 00 00 d4 bd 1e 00 00 00 00 00 
0000000000220570	00 00 00 00 00 00 00 00 00 00 00 00 00 00 00 00 
0000000000220580	00 00 00 00 01 00 01 00 00 00 00 00 00 00 00 00 
0000000000220590	00 00 00 00 00 00 00 00 20 b0 1a 00 00 00 00 00 
00000000002205a0	50 b0 1a 00 00 00 00 00 50 b0 1a 00 00 00 00 00 
00000000002205b0	00 44 1a 00 00 00 00 00 ce ee 1d 00 00 00 00 00 
00000000002205c0	00 00 00 00 00 00 00 00 00 00 00 00 01 00 01 00 
00000000002205d0	00 00 00 00 00 00 00 00 00 00 00 00 00 00 00 00 
00000000002205e0	a0 b0 1a 00 00 00 00 00 d0 b0 1a 00 00 00 00 00 
00000000002205f0	d0 b0 1a 00 00 00 00 00 00 44 1a 00 00 00 00 00 
0000000000220600	d9 ee 1d 00 00 00 00 00 00 00 00 00 00 00 00 00 
0000000000220610	00 00 00 00 01 00 01 00 00 00 00 00 00 00 00 00 
0000000000220620	00 00 00 00 00 00 00 00 30 b1 1a 00 00 00 00 00 
0000000000220630	70 b1 1a 00 00 00 00 00 70 b1 1a 00 00 00 00 00 
0000000000220640	00 44 1a 00 00 00 00 00 e4 ee 1d 00 00 00 00 00 
0000000000220650	00 00 00 00 00 00 00 00 00 00 00 00 01 00 01 00 
0000000000220660	00 00 00 00 00 00 00 00 00 00 00 00 00 00 00 00 
0000000000220670	d0 b1 1a 00 00 00 00 00 00 b2 1a 00 00 00 00 00 
0000000000220680	00 b2 1a 00 00 00 00 00 d0 b2 1a 00 00 00 00 00 
0000000000220690	e9 ee 1d 00 00 00 00 00 00 00 00 00 00 00 00 00 
00000000002206a0	00 00 00 00 01 00 01 00 00 00 00 00 00 00 00 00 
00000000002206b0	00 00 00 00 00 00 00 00 00 b3 1a 00 00 00 00 00 
00000000002206c0	30 b3 1a 00 00 00 00 00 30 b3 1a 00 00 00 00 00 
00000000002206d0	d0 b3 1a 00 00 00 00 00 f6 ee 1d 00 00 00 00 00 
00000000002206e0	00 00 00 00 00 00 00 00 01 00 00 00 01 00 01 00 
00000000002206f0	00 00 00 00 00 00 00 00 00 00 00 00 00 00 00 00 
0000000000220700	00 b4 1a 00 00 00 00 00 80 b4 1a 00 00 00 00 00 
0000000000220710	80 b4 1a 00 00 00 00 00 30 b5 1a 00 00 00 00 00 
0000000000220720	00 ef 1d 00 00 00 00 00 00 00 00 00 00 00 00 00 
0000000000220730	01 00 00 00 01 00 01 00 00 00 00 00 00 00 00 00 
0000000000220740	00 00 00 00 00 00 00 00 60 b5 1a 00 00 00 00 00 
0000000000220750	c0 b5 1a 00 00 00 00 00 20 b6 1a 00 00 00 00 00 
0000000000220760	60 b6 1a 00 00 00 00 00 80 f3 1d 00 00 00 00 00 
0000000000220770	00 00 00 00 00 00 00 00 02 00 00 00 01 00 01 00 
0000000000220780	00 00 00 00 00 00 00 00 00 00 00 00 00 00 00 00 
0000000000220790	a0 b6 1a 00 00 00 00 00 f0 b7 1a 00 00 00 00 00 
00000000002207a0	50 b8 1a 00 00 00 00 00 00 44 1a 00 00 00 00 00 
00000000002207b0	30 ef 1d 00 00 00 00 00 00 00 00 00 00 00 00 00 
00000000002207c0	01 00 00 00 01 00 01 00 00 00 00 00 00 00 00 00 
00000000002207d0	00 00 00 00 00 00 00 00 60 b8 1a 00 00 00 00 00 
00000000002207e0	c0 b8 1a 00 00 00 00 00 50 b8 1a 00 00 00 00 00 
00000000002207f0	00 44 1a 00 00 00 00 00 3a ef 1d 00 00 00 00 00 
0000000000220800	00 00 00 00 00 00 00 00 01 00 00 00 01 00 01 00 
0000000000220810	00 00 00 00 00 00 00 00 00 00 00 00 00 00 00 00 
0000000000220820	00 44 1a 00 00 00 00 00 50 b8 1a 00 00 00 00 00 
0000000000220830	50 b8 1a 00 00 00 00 00 00 44 1a 00 00 00 00 00 
0000000000220840	06 ef 1d 00 00 00 00 00 00 00 00 00 00 00 00 00 
0000000000220850	02 00 00 00 01 00 01 00 00 00 00 00 00 00 00 00 
0000000000220860	00 00 00 00 00 00 00 00 00 44 1a 00 00 00 00 00 
0000000000220870	50 b8 1a 00 00 00 00 00 50 b8 1a 00 00 00 00 00 
0000000000220880	00 44 1a 00 00 00 00 00 06 ef 1d 00 00 00 00 00 
0000000000220890	00 00 00 00 00 00 00 00 03 00 00 00 01 00 01 00 
00000000002208a0	00 00 00 00 00 00 00 00 00 00 00 00 00 00 00 00 
00000000002208b0	00 44 1a 00 00 00 00 00 50 b8 1a 00 00 00 00 00 
00000000002208c0	50 b8 1a 00 00 00 00 00 00 44 1a 00 00 00 00 00 
00000000002208d0	06 ef 1d 00 00 00 00 00 00 00 00 00 00 00 00 00 
00000000002208e0	01 00 00 00 01 00 01 00 00 00 00 00 00 00 00 00 
00000000002208f0	00 00 00 00 00 00 00 00 00 44 1a 00 00 00 00 00 
0000000000220900	50 b8 1a 00 00 00 00 00 50 b8 1a 00 00 00 00 00 
0000000000220910	00 44 1a 00 00 00 00 00 0b ef 1d 00 00 00 00 00 
0000000000220920	00 00 00 00 00 00 00 00 02 00 00 00 01 00 01 00 
0000000000220930	00 00 00 00 00 00 00 00 00 00 00 00 00 00 00 00 
0000000000220940	00 44 1a 00 00 00 00 00 50 b8 1a 00 00 00 00 00 
0000000000220950	50 b8 1a 00 00 00 00 00 00 44 1a 00 00 00 00 00 
0000000000220960	0b ef 1d 00 00 00 00 00 00 00 00 00 00 00 00 00 
0000000000220970	03 00 00 00 01 00 01 00 00 00 00 00 00 00 00 00 
0000000000220980	00 00 00 00 00 00 00 00 00 44 1a 00 00 00 00 00 
0000000000220990	50 b8 1a 00 00 00 00 00 50 b8 1a 00 00 00 00 00 
00000000002209a0	00 44 1a 00 00 00 00 00 0b ef 1d 00 00 00 00 00 
00000000002209b0	00 00 00 00 00 00 00 00 00 00 00 00 00 00 00 00 
00000000002209c0	ff 00 00 00 01 28 00 00 90 db 21 00 00 00 00 00 
00000000002209d0	00 00 00 00 00 00 00 00 20 b9 1a 00 00 00 00 00 
00000000002209e0	00 00 00 00 00 00 00 00 00 00 00 00 00 00 00 00 
00000000002209f0	00 00 00 00 00 00 00 00 41 be 1e 00 00 00 00 00 
0000000000220a00	00 00 00 00 00 00 00 00 ff 00 00 00 01 28 00 00 
0000000000220a10	90 db 21 00 00 00 00 00 00 00 00 00 00 00 00 00 
0000000000220a20	e0 b9 1a 00 00 00 00 00 00 00 00 00 00 00 00 00 
0000000000220a30	00 00 00 00 00 00 00 00 00 00 00 00 00 00 00 00 
0000000000220a40	4b be 1e 00 00 00 00 00 00 00 00 00 00 00 00 00 
0000000000220a50	ff 00 00 00 01 28 00 00 90 db 21 00 00 00 00 00 
0000000000220a60	00 00 00 00 00 00 00 00 80 ba 1a 00 00 00 00 00 
0000000000220a70	00 00 00 00 00 00 00 00 00 00 00 00 00 00 00 00 
0000000000220a80	00 00 00 00 00 00 00 00 50 be 1e 00 00 00 00 00 
0000000000220a90	00 00 00 00 00 00 00 00 ff 00 00 00 01 28 00 00 
0000000000220aa0	90 db 21 00 00 00 00 00 00 00 00 00 00 00 00 00 
0000000000220ab0	20 bb 1a 00 00 00 00 00 00 00 00 00 00 00 00 00 
0000000000220ac0	00 00 00 00 00 00 00 00 00 00 00 00 00 00 00 00 
0000000000220ad0	55 be 1e 00 00 00 00 00 00 00 00 00 00 00 00 00 
0000000000220ae0	ff 00 00 00 01 28 00 00 90 db 21 00 00 00 00 00 
0000000000220af0	00 00 00 00 00 00 00 00 20 14 0a 00 00 00 00 00 
0000000000220b00	00 00 00 00 00 00 00 00 00 00 00 00 00 00 00 00 
0000000000220b10	00 00 00 00 00 00 00 00 5e be 1e 00 00 00 00 00 
0000000000220b20	00 00 00 00 00 00 00 00 00 00 00 00 01 20 00 00 
0000000000220b30	00 00 00 00 00 00 00 00 00 00 00 00 00 00 00 00 
0000000000220b40	e0 bb 1a 00 00 00 00 00 00 00 00 00 00 00 00 00 
0000000000220b50	00 00 00 00 00 00 00 00 00 00 00 00 00 00 00 00 
0000000000220b60	67 be 1e 00 00 00 00 00 00 00 00 00 00 00 00 00 
0000000000220b70	00 00 00 00 01 20 00 00 00 00 00 00 00 00 00 00 
0000000000220b80	00 00 00 00 00 00 00 00 f0 bb 1a 00 00 00 00 00 
0000000000220b90	00 00 00 00 00 00 00 00 00 00 00 00 00 00 00 00 
0000000000220ba0	00 00 00 00 00 00 00 00 74 be 1e 00 00 00 00 00 
0000000000220bb0	00 00 00 00 00 00 00 00 00 00 00 00 01 20 00 00 
0000000000220bc0	00 00 00 00 00 00 00 00 00 00 00 00 00 00 00 00 
0000000000220bd0	00 bc 1a 00 00 00 00 00 00 00 00 00 00 00 00 00 
0000000000220be0	00 00 00 00 00 00 00 00 00 00 00 00 00 00 00 00 
0000000000220bf0	86 be 1e 00 00 00 00 00 00 00 00 00 00 00 00 00 
0000000000220c00	02 00 00 00 00 00 00 00 00 04 00 00 00 00 00 00 
0000000000220c10	00 00 00 00 00 00 00 00 38 ad 1e 00 00 00 00 00 
0000000000220c20	00 00 00 00 00 00 00 00 10 bc 1a 00 00 00 00 00 
0000000000220c30	00 00 00 00 00 00 00 00 d0 be 1a 00 00 00 00 00 
0000000000220c40	e0 be 1a 00 00 00 00 00 00 bf 1a 00 00 00 00 00 
0000000000220c50	10 bf 1a 00 00 00 00 00 20 bf 1a 00 00 00 00 00 
0000000000220c60	30 bf 1a 00 00 00 00 00 40 bf 1a 00 00 00 00 00 
0000000000220c70	50 bf 1a 00 00 00 00 00 00 00 00 00 00 00 00 00 
0000000000220c80	60 bf 1a 00 00 00 00 00 70 bf 1a 00 00 00 00 00 
0000000000220c90	00 00 00 00 00 00 00 00 00 00 00 00 00 00 00 00 
0000000000220ca0	00 00 00 00 00 00 00 00 00 00 00 00 00 00 00 00 
0000000000220cb0	00 76 1c 00 00 00 00 00 00 76 1c 00 00 00 00 00 
0000000000220cc0	20 77 1c 00 00 00 00 00 40 78 1c 00 00 00 00 00 
0000000000220cd0	40 78 1c 00 00 00 00 00 50 78 1c 00 00 00 00 00 
0000000000220ce0	b0 78 1c 00 00 00 00 00 d0 78 1c 00 00 00 00 00 
0000000000220cf0	a0 7a 1c 00 00 00 00 00 50 88 1c 00 00 00 00 00 
0000000000220d00	60 88 1c 00 00 00 00 00 90 89 1c 00 00 00 00 00 
0000000000220d10	00 00 00 00 00 00 00 00 00 00 00 00 00 00 00 00 
0000000000220d20	00 00 00 00 00 00 00 00 00 00 00 00 00 00 00 00 
0000000000220d30	00 00 00 00 00 00 00 00 00 00 00 00 00 00 00 00 
0000000000220d40	00 00 00 00 00 00 00 00 00 00 00 00 00 00 00 00 
0000000000220d50	00 00 00 00 00 00 00 00 00 00 00 00 00 00 00 00 
0000000000220d60	00 00 00 00 00 00 00 00 04 00 00 00 00 00 00 00 
0000000000220d70	a0 8e 1c 00 00 00 00 00 20 90 1c 00 00 00 00 00 
0000000000220d80	20 90 1c 00 00 00 00 00 20 90 1c 00 00 00 00 00 
0000000000220d90	40 90 1c 00 00 00 00 00 00 90 1c 00 00 00 00 00 
0000000000220da0	20 90 1c 00 00 00 00 00 40 90 1c 00 00 00 00 00 
0000000000220db0	00 90 1c 00 00 00 00 00 00 90 1c 00 00 00 00 00 
0000000000220dc0	20 90 1c 00 00 00 00 00 00 90 1c 00 00 00 00 00 
0000000000220dd0	60 90 1c 00 00 00 00 00 00 90 1c 00 00 00 00 00 
0000000000220de0	00 90 1c 00 00 00 00 00 00 90 1c 00 00 00 00 00 
0000000000220df0	20 90 1c 00 00 00 00 00 20 90 1c 00 00 00 00 00 
0000000000220e00	20 90 1c 00 00 00 00 00 20 90 1c 00 00 00 00 00 
0000000000220e10	f0 8e 1c 00 00 00 00 00 20 90 1c 00 00 00 00 00 
0000000000220e20	20 90 1c 00 00 00 00 00 00 90 1c 00 00 00 00 00 
0000000000220e30	00 90 1c 00 00 00 00 00 20 90 1c 00 00 00 00 00 
0000000000220e40	20 90 1c 00 00 00 00 00 00 90 1c 00 00 00 00 00 
0000000000220e50	00 90 1c 00 00 00 00 00 20 90 1c 00 00 00 00 00 
0000000000220e60	00 90 1c 00 00 00 00 00 20 90 1c 00 00 00 00 00 
0000000000220e70	20 90 1c 00 00 00 00 00 20 90 1c 00 00 00 00 00 
0000000000220e80	20 90 1c 00 00 00 00 00 00 00 00 00 00 00 00 00 
0000000000220e90	00 90 1c 00 00 00 00 00 20 90 1c 00 00 00 00 00 
0000000000220ea0	20 90 1c 00 00 00 00 00 20 90 1c 00 00 00 00 00 
0000000000220eb0	40 90 1c 00 00 00 00 00 00 90 1c 00 00 00 00 00 
0000000000220ec0	20 90 1c 00 00 00 00 00 40 90 1c 00 00 00 00 00 
0000000000220ed0	00 90 1c 00 00 00 00 00 00 90 1c 00 00 00 00 00 
0000000000220ee0	20 90 1c 00 00 00 00 00 00 90 1c 00 00 00 00 00 
0000000000220ef0	60 90 1c 00 00 00 00 00 00 90 1c 00 00 00 00 00 
0000000000220f00	00 90 1c 00 00 00 00 00 00 90 1c 00 00 00 00 00 
0000000000220f10	20 90 1c 00 00 00 00 00 20 90 1c 00 00 00 00 00 
0000000000220f20	20 90 1c 00 00 00 00 00 20 90 1c 00 00 00 00 00 
0000000000220f30	80 90 1c 00 00 00 00 00 20 90 1c 00 00 00 00 00 
0000000000220f40	20 90 1c 00 00 00 00 00 00 90 1c 00 00 00 00 00 
0000000000220f50	00 90 1c 00 00 00 00 00 20 90 1c 00 00 00 00 00 
0000000000220f60	20 90 1c 00 00 00 00 00 00 90 1c 00 00 00 00 00 
0000000000220f70	00 90 1c 00 00 00 00 00 20 90 1c 00 00 00 00 00 
0000000000220f80	00 90 1c 00 00 00 00 00 20 90 1c 00 00 00 00 00 
0000000000220f90	20 90 1c 00 00 00 00 00 20 90 1c 00 00 00 00 00 
0000000000220fa0	20 90 1c 00 00 00 00 00 04 00 00 00 00 00 00 00 
0000000000220fb0	b0 c9 1c 00 00 00 00 00 30 ca 1c 00 00 00 00 00 
0000000000220fc0	40 ca 1c 00 00 00 00 00 e0 af 0a 00 00 00 00 00 
0000000000220fd0	50 ca 1c 00 00 00 00 00 60 ca 1c 00 00 00 00 00 
0000000000220fe0	70 ca 1c 00 00 00 00 00 80 ca 1c 00 00 00 00 00 
0000000000220ff0	90 ca 1c 00 00 00 00 00 a0 ca 1c 00 00 00 00 00 
0000000000221000	b0 ca 1c 00 00 00 00 00 f0 af 0a 00 00 00 00 00 
0000000000221010	c0 ca 1c 00 00 00 00 00 90 cb 1c 00 00 00 00 00 
0000000000221020	a0 cb 1c 00 00 00 00 00 b0 cb 1c 00 00 00 00 00 
0000000000221030	c0 cb 1c 00 00 00 00 00 00 b0 0a 00 00 00 00 00 
0000000000221040	d0 cb 1c 00 00 00 00 00 e0 cb 1c 00 00 00 00 00 
0000000000221050	10 b0 0a 00 00 00 00 00 f0 cb 1c 00 00 00 00 00 
0000000000221060	f0 cc 1c 00 00 00 00 00 20 b0 0a 00 00 00 00 00 
0000000000221070	30 b0 0a 00 00 00 00 00 20 90 1c 00 00 00 00 00 
0000000000221080	20 90 1c 00 00 00 00 00 40 b0 0a 00 00 00 00 00 
0000000000221090	50 b0 0a 00 00 00 00 00 00 cd 1c 00 00 00 00 00 
00000000002210a0	60 b0 0a 00 00 00 00 00 20 90 1c 00 00 00 00 00 
00000000002210b0	20 90 1c 00 00 00 00 00 20 90 1c 00 00 00 00 00 
00000000002210c0	20 90 1c 00 00 00 00 00 00 00 00 00 00 00 00 00 
00000000002210d0	00 00 00 00 00 00 00 00 00 00 00 00 00 00 00 00 
00000000002210e0	00 00 00 00 00 00 00 00 00 00 00 00 00 00 00 00 
00000000002210f0	00 11 22 00 00 00 00 00 00 4b 22 00 00 00 00 00 
0000000000221100	20 f0 1e 00 00 00 00 00 2a f0 1e 00 00 00 00 00 
0000000000221110	00 00 00 00 00 00 00 00 01 00 00 00 00 00 00 00 
0000000000221120	30 39 0b 00 00 00 00 00 e0 39 0b 00 00 00 00 00 
0000000000221130	f0 3a 0b 00 00 00 00 00 a0 73 1d 00 00 00 00 00 
0000000000221140	20 3c 0b 00 00 00 00 00 80 3c 0b 00 00 00 00 00 
0000000000221150	e0 3c 0b 00 00 00 00 00 f0 3c 0b 00 00 00 00 00 
0000000000221160	00 3d 0b 00 00 00 00 00 20 3d 0b 00 00 00 00 00 
0000000000221170	20 90 1c 00 00 00 00 00 00 90 1c 00 00 00 00 00 
0000000000221180	60 90 1c 00 00 00 00 00 00 90 1c 00 00 00 00 00 
0000000000221190	00 90 1c 00 00 00 00 00 00 90 1c 00 00 00 00 00 
00000000002211a0	20 90 1c 00 00 00 00 00 20 90 1c 00 00 00 00 00 
00000000002211b0	20 90 1c 00 00 00 00 00 20 90 1c 00 00 00 00 00 
00000000002211c0	40 3d 0b 00 00 00 00 00 20 90 1c 00 00 00 00 00 
00000000002211d0	20 90 1c 00 00 00 00 00 00 90 1c 00 00 00 00 00 
00000000002211e0	00 90 1c 00 00 00 00 00 20 90 1c 00 00 00 00 00 
00000000002211f0	20 90 1c 00 00 00 00 00 00 90 1c 00 00 00 00 00 
0000000000221200	00 90 1c 00 00 00 00 00 20 90 1c 00 00 00 00 00 
0000000000221210	00 90 1c 00 00 00 00 00 20 90 1c 00 00 00 00 00 
0000000000221220	20 90 1c 00 00 00 00 00 20 90 1c 00 00 00 00 00 
0000000000221230	20 90 1c 00 00 00 00 00 05 00 00 00 00 00 00 00 
0000000000221240	30 39 0b 00 00 00 00 00 e0 39 0b 00 00 00 00 00 
0000000000221250	f0 3a 0b 00 00 00 00 00 50 3d 0b 00 00 00 00 00 
0000000000221260	10 77 1d 00 00 00 00 00 20 77 1d 00 00 00 00 00 
0000000000221270	20 90 1c 00 00 00 00 00 40 90 1c 00 00 00 00 00 
0000000000221280	00 90 1c 00 00 00 00 00 00 90 1c 00 00 00 00 00 
0000000000221290	20 90 1c 00 00 00 00 00 00 90 1c 00 00 00 00 00 
00000000002212a0	60 90 1c 00 00 00 00 00 00 90 1c 00 00 00 00 00 
00000000002212b0	00 90 1c 00 00 00 00 00 00 90 1c 00 00 00 00 00 
00000000002212c0	20 90 1c 00 00 00 00 00 20 90 1c 00 00 00 00 00 
00000000002212d0	20 90 1c 00 00 00 00 00 20 90 1c 00 00 00 00 00 
00000000002212e0	40 3d 0b 00 00 00 00 00 20 90 1c 00 00 00 00 00 
00000000002212f0	20 90 1c 00 00 00 00 00 00 90 1c 00 00 00 00 00 
0000000000221300	00 90 1c 00 00 00 00 00 20 90 1c 00 00 00 00 00 
0000000000221310	20 90 1c 00 00 00 00 00 00 90 1c 00 00 00 00 00 
0000000000221320	00 90 1c 00 00 00 00 00 20 90 1c 00 00 00 00 00 
0000000000221330	00 90 1c 00 00 00 00 00 20 90 1c 00 00 00 00 00 
0000000000221340	20 90 1c 00 00 00 00 00 20 90 1c 00 00 00 00 00 
0000000000221350	20 90 1c 00 00 00 00 00 02 00 00 00 00 00 00 00 
0000000000221360	30 39 0b 00 00 00 00 00 30 77 1d 00 00 00 00 00 
0000000000221370	40 77 1d 00 00 00 00 00 50 3d 0b 00 00 00 00 00 
0000000000221380	10 77 1d 00 00 00 00 00 20 77 1d 00 00 00 00 00 
0000000000221390	20 90 1c 00 00 00 00 00 40 90 1c 00 00 00 00 00 
00000000002213a0	00 90 1c 00 00 00 00 00 00 90 1c 00 00 00 00 00 
00000000002213b0	50 77 1d 00 00 00 00 00 f0 3d 0b 00 00 00 00 00 
00000000002213c0	f0 78 1d 00 00 00 00 00 30 7a 1d 00 00 00 00 00 
00000000002213d0	30 7c 1d 00 00 00 00 00 a0 7c 1d 00 00 00 00 00 
00000000002213e0	c0 3f 0b 00 00 00 00 00 10 41 0b 00 00 00 00 00 
00000000002213f0	20 90 1c 00 00 00 00 00 10 7d 1d 00 00 00 00 00 
0000000000221400	40 3d 0b 00 00 00 00 00 30 7f 1d 00 00 00 00 00 
0000000000221410	b0 7f 1d 00 00 00 00 00 70 42 0b 00 00 00 00 00 
0000000000221420	30 43 0b 00 00 00 00 00 20 90 1c 00 00 00 00 00 
0000000000221430	20 90 1c 00 00 00 00 00 f0 43 0b 00 00 00 00 00 
0000000000221440	c0 46 0b 00 00 00 00 00 10 80 1d 00 00 00 00 00 
0000000000221450	50 0a 0b 00 00 00 00 00 20 90 1c 00 00 00 00 00 
0000000000221460	20 90 1c 00 00 00 00 00 20 90 1c 00 00 00 00 00 
0000000000221470	20 90 1c 00 00 00 00 00 03 00 00 00 00 00 00 00 
0000000000221480	30 39 0b 00 00 00 00 00 30 77 1d 00 00 00 00 00 
0000000000221490	40 77 1d 00 00 00 00 00 50 3d 0b 00 00 00 00 00 
00000000002214a0	10 77 1d 00 00 00 00 00 20 77 1d 00 00 00 00 00 
00000000002214b0	20 90 1c 00 00 00 00 00 40 90 1c 00 00 00 00 00 
00000000002214c0	00 90 1c 00 00 00 00 00 00 90 1c 00 00 00 00 00 
00000000002214d0	50 77 1d 00 00 00 00 00 f0 3d 0b 00 00 00 00 00 
00000000002214e0	60 90 1c 00 00 00 00 00 30 7a 1d 00 00 00 00 00 
00000000002214f0	30 7c 1d 00 00 00 00 00 a0 7c 1d 00 00 00 00 00 
0000000000221500	c0 3f 0b 00 00 00 00 00 10 41 0b 00 00 00 00 00 
0000000000221510	f0 82 1d 00 00 00 00 00 60 84 1d 00 00 00 00 00 
0000000000221520	40 3d 0b 00 00 00 00 00 20 90 1c 00 00 00 00 00 
0000000000221530	20 90 1c 00 00 00 00 00 70 42 0b 00 00 00 00 00 
0000000000221540	30 43 0b 00 00 00 00 00 20 90 1c 00 00 00 00 00 
0000000000221550	20 90 1c 00 00 00 00 00 f0 43 0b 00 00 00 00 00 
0000000000221560	c0 46 0b 00 00 00 00 00 20 90 1c 00 00 00 00 00 
0000000000221570	00 90 1c 00 00 00 00 00 20 90 1c 00 00 00 00 00 
0000000000221580	20 90 1c 00 00 00 00 00 20 90 1c 00 00 00 00 00 
0000000000221590	20 90 1c 00 00 00 00 00 01 00 00 00 01 00 00 00 
00000000002215a0	01 00 00 00 01 00 00 00 01 00 00 00 01 00 00 00 
00000000002215b0	01 00 00 00 01 00 00 00 01 00 00 00 01 00 00 00 
00000000002215c0	01 00 00 00 01 00 00 00 01 00 00 00 00 00 00 00 
00000000002215d0	ba bc b1 30 00 00 00 00 00 00 00 00 00 00 00 00 
00000000002215e0	00 00 00 00 00 00 00 00 00 90 1c 00 00 00 00 00 
00000000002215f0	20 90 1c 00 00 00 00 00 20 90 1c 00 00 00 00 00 
0000000000221600	20 90 1c 00 00 00 00 00 40 90 1c 00 00 00 00 00 
0000000000221610	00 90 1c 00 00 00 00 00 20 90 1c 00 00 00 00 00 
0000000000221620	40 90 1c 00 00 00 00 00 00 90 1c 00 00 00 00 00 
0000000000221630	00 90 1c 00 00 00 00 00 20 90 1c 00 00 00 00 00 
0000000000221640	00 90 1c 00 00 00 00 00 60 90 1c 00 00 00 00 00 
0000000000221650	00 90 1c 00 00 00 00 00 00 90 1c 00 00 00 00 00 
0000000000221660	00 90 1c 00 00 00 00 00 20 90 1c 00 00 00 00 00 
0000000000221670	20 90 1c 00 00 00 00 00 20 90 1c 00 00 00 00 00 
0000000000221680	20 90 1c 00 00 00 00 00 40 3d 0b 00 00 00 00 00 
0000000000221690	20 90 1c 00 00 00 00 00 20 90 1c 00 00 00 00 00 
00000000002216a0	00 90 1c 00 00 00 00 00 00 90 1c 00 00 00 00 00 
00000000002216b0	20 90 1c 00 00 00 00 00 20 90 1c 00 00 00 00 00 
00000000002216c0	00 90 1c 00 00 00 00 00 00 90 1c 00 00 00 00 00 
00000000002216d0	20 90 1c 00 00 00 00 00 00 90 1c 00 00 00 00 00 
00000000002216e0	20 90 1c 00 00 00 00 00 20 90 1c 00 00 00 00 00 
00000000002216f0	20 90 1c 00 00 00 00 00 20 90 1c 00 00 00 00 00 
0000000000221700	00 00 00 00 00 00 00 00 40 42 0f 00 00 00 00 00 
0000000000221710	a0 b1 0b 00 00 00 00 00 b0 b1 0b 00 00 00 00 00 
0000000000221720	d0 b1 0b 00 00 00 00 00 e0 b1 0b 00 00 00 00 00 
0000000000221730	ff ff ff ff ff 00 00 00 90 e1 0b 00 00 00 00 00 
0000000000221740	c0 e1 0b 00 00 00 00 00 d0 e1 0b 00 00 00 00 00 
0000000000221750	10 e2 0b 00 00 00 00 00 ff 00 00 00 00 00 00 00 
0000000000221760	00 00 00 00 00 00 00 00 00 00 00 00 00 00 00 00 
0000000000221770	e8 03 00 00 10 0e 00 00 80 51 01 00 3c 00 00 00 
0000000000221780	00 00 00 00 00 00 00 00 00 00 00 00 00 00 00 00 
0000000000221790	00 00 00 00 00 00 00 00 00 00 00 00 00 00 00 00 
00000000002217a0	00 00 00 00 00 00 00 00 00 00 00 00 00 00 00 00 
00000000002217b0	00 00 00 00 00 00 00 00 00 00 00 00 00 00 00 00 
00000000002217c0	10 00 00 00 00 00 00 00 00 00 00 00 00 00 00 00 
00000000002217d0	00 00 00 00 00 00 00 00 50 00 00 00 00 00 00 00 
00000000002217e0	00 08 00 00 00 00 00 00 08 00 00 00 00 00 00 00 
00000000002217f0	40 18 22 00 00 00 00 00 00 00 00 00 00 00 00 00 
0000000000221800	04 00 00 00 00 00 00 00 38 00 00 00 00 00 00 00 
0000000000221810	00 00 00 00 00 00 00 00 00 00 00 00 00 00 00 00 
0000000000221820	00 00 00 00 00 00 00 00 00 00 00 00 00 00 00 00 
0000000000221830	00 00 00 00 00 00 00 00 00 00 00 00 00 00 00 00 
0000000000221840	10 00 00 00 00 00 00 00 00 00 00 00 00 00 00 00 
0000000000221850	00 00 00 00 00 00 00 00 30 00 00 00 00 00 00 00 
0000000000221860	06 00 00 00 00 00 00 00 00 00 00 00 00 00 00 00 
0000000000221870	00 00 00 00 00 00 00 00 00 00 00 00 00 00 00 00 
0000000000221880	00 05 00 00 00 00 00 00 18 00 00 00 00 00 00 00 
0000000000221890	00 00 00 00 00 00 00 00 00 00 00 00 00 00 00 00 
00000000002218a0	00 00 00 00 00 00 00 00 00 00 00 00 00 00 00 00 
00000000002218b0	00 00 00 00 00 00 00 00 00 00 00 00 00 00 00 00 
00000000002218c0	10 00 00 00 00 00 00 00 00 00 00 00 00 00 00 00 
00000000002218d0	00 00 00 00 00 00 00 00 60 00 00 00 00 00 00 00 
00000000002218e0	00 04 00 00 00 00 00 00 00 00 00 00 00 00 00 00 
00000000002218f0	00 00 00 00 00 00 00 00 00 00 00 00 00 00 00 00 
0000000000221900	00 08 00 00 00 00 00 00 18 00 00 00 00 00 00 00 
0000000000221910	40 18 22 00 00 00 00 00 00 00 00 00 00 00 00 00 
0000000000221920	03 00 00 00 00 00 00 00 48 00 00 00 00 00 00 00 
0000000000221930	00 00 00 00 00 00 00 00 00 00 00 00 00 00 00 00 
0000000000221940	00 00 00 00 00 00 00 00 00 00 00 00 00 00 00 00 
0000000000221950	00 00 00 00 00 00 00 00 00 00 00 00 00 00 00 00 
0000000000221960	ff 03 00 00 ff 03 00 00 ff 03 00 00 01 00 00 00 
0000000000221970	ff ff 00 00 01 00 00 00 ff ff 00 00 ff ff ff ff 
0000000000221980	90 47 0d 00 00 00 00 00 a0 47 0d 00 00 00 00 00 
0000000000221990	b0 47 0d 00 00 00 00 00 c0 47 0d 00 00 00 00 00 
00000000002219a0	00 00 00 00 00 00 00 00 d7 fe 1e 00 00 00 00 00 
00000000002219b0	00 00 00 00 00 00 00 00 e4 fe 1e 00 00 00 00 00 
00000000002219c0	00 00 00 00 00 00 00 00 ef fe 1e 00 00 00 00 00 
00000000002219d0	00 00 00 00 00 00 00 00 f9 fe 1e 00 00 00 00 00 
00000000002219e0	00 00 00 00 00 00 00 00 0b ff 1e 00 00 00 00 00 
00000000002219f0	00 00 00 00 00 00 00 00 19 ff 1e 00 00 00 00 00 
0000000000221a00	00 00 00 00 00 00 00 00 27 ff 1e 00 00 00 00 00 
0000000000221a10	00 00 00 00 00 00 00 00 36 ff 1e 00 00 00 00 00 
0000000000221a20	00 00 00 00 00 00 00 00 49 ff 1e 00 00 00 00 00 
0000000000221a30	00 00 00 00 00 00 00 00 5c ff 1e 00 00 00 00 00 
0000000000221a40	00 00 00 00 00 00 00 00 68 ff 1e 00 00 00 00 00 
0000000000221a50	00 00 00 00 00 00 00 00 72 ff 1e 00 00 00 00 00 
0000000000221a60	00 00 00 00 00 00 00 00 7b ff 1e 00 00 00 00 00 
0000000000221a70	00 00 00 00 00 00 00 00 89 ff 1e 00 00 00 00 00 
0000000000221a80	00 00 00 00 00 00 00 00 98 ff 1e 00 00 00 00 00 
0000000000221a90	00 00 00 00 00 00 00 00 ab ff 1e 00 00 00 00 00 
0000000000221aa0	00 00 00 00 00 00 00 00 bc ff 1e 00 00 00 00 00 
0000000000221ab0	00 00 00 00 00 00 00 00 d0 ff 1e 00 00 00 00 00 
0000000000221ac0	00 00 00 00 00 00 00 00 e4 ff 1e 00 00 00 00 00 
0000000000221ad0	00 00 00 00 00 00 00 00 ec ff 1e 00 00 00 00 00 
0000000000221ae0	00 00 00 00 00 00 00 00 f5 ff 1e 00 00 00 00 00 
0000000000221af0	00 00 00 00 00 00 00 00 04 00 1f 00 00 00 00 00 
0000000000221b00	00 00 00 00 00 00 00 00 11 00 1f 00 00 00 00 00 
0000000000221b10	00 00 00 00 00 00 00 00 21 00 1f 00 00 00 00 00 
0000000000221b20	00 00 00 00 00 00 00 00 31 00 1f 00 00 00 00 00 
0000000000221b30	00 00 00 00 00 00 00 00 45 00 1f 00 00 00 00 00 
0000000000221b40	00 00 00 00 00 00 00 00 59 00 1f 00 00 00 00 00 
0000000000221b50	00 00 00 00 00 00 00 00 6b 00 1f 00 00 00 00 00 
0000000000221b60	00 00 00 00 00 00 00 00 79 00 1f 00 00 00 00 00 
0000000000221b70	00 00 00 00 00 00 00 00 8c 00 1f 00 00 00 00 00 
0000000000221b80	00 00 00 00 00 00 00 00 9a 00 1f 00 00 00 00 00 
0000000000221b90	00 00 00 00 00 00 00 00 a4 00 1f 00 00 00 00 00 
0000000000221ba0	00 00 00 00 00 00 00 00 b4 00 1f 00 00 00 00 00 
0000000000221bb0	00 00 00 00 00 00 00 00 c3 00 1f 00 00 00 00 00 
0000000000221bc0	00 00 00 00 00 00 00 00 d1 00 1f 00 00 00 00 00 
0000000000221bd0	00 00 00 00 00 00 00 00 db 00 1f 00 00 00 00 00 
0000000000221be0	00 00 00 00 00 00 00 00 eb 00 1f 00 00 00 00 00 
0000000000221bf0	00 00 00 00 00 00 00 00 fa 00 1f 00 00 00 00 00 
0000000000221c00	00 00 00 00 00 00 00 00 07 01 1f 00 00 00 00 00 
0000000000221c10	00 00 00 00 00 00 00 00 10 01 1f 00 00 00 00 00 
0000000000221c20	00 00 00 00 00 00 00 00 1f 01 1f 00 00 00 00 00 
0000000000221c30	00 00 00 00 00 00 00 00 2b 01 1f 00 00 00 00 00 
0000000000221c40	00 00 00 00 00 00 00 00 39 01 1f 00 00 00 00 00 
0000000000221c50	00 00 00 00 00 00 00 00 44 01 1f 00 00 00 00 00 
0000000000221c60	00 00 00 00 00 00 00 00 4b 01 1f 00 00 00 00 00 
0000000000221c70	00 00 00 00 00 00 00 00 58 01 1f 00 00 00 00 00 
0000000000221c80	00 00 00 00 00 00 00 00 64 01 1f 00 00 00 00 00 
0000000000221c90	00 00 00 00 00 00 00 00 76 01 1f 00 00 00 00 00 
0000000000221ca0	00 00 00 00 00 00 00 00 84 01 1f 00 00 00 00 00 
0000000000221cb0	00 00 00 00 00 00 00 00 91 01 1f 00 00 00 00 00 
0000000000221cc0	00 00 00 00 00 00 00 00 9a 01 1f 00 00 00 00 00 
0000000000221cd0	00 00 00 00 00 00 00 00 a9 01 1f 00 00 00 00 00 
0000000000221ce0	00 00 00 00 00 00 00 00 b7 01 1f 00 00 00 00 00 
0000000000221cf0	00 00 00 00 00 00 00 00 cb 01 1f 00 00 00 00 00 
0000000000221d00	00 00 00 00 00 00 00 00 db 01 1f 00 00 00 00 00 
0000000000221d10	00 00 00 00 00 00 00 00 f1 01 1f 00 00 00 00 00 
0000000000221d20	00 00 00 00 00 00 00 00 07 02 1f 00 00 00 00 00 
0000000000221d30	00 00 00 00 00 00 00 00 1b 02 1f 00 00 00 00 00 
0000000000221d40	00 00 00 00 00 00 00 00 31 02 1f 00 00 00 00 00 
0000000000221d50	00 00 00 00 00 00 00 00 3f 02 1f 00 00 00 00 00 
0000000000221d60	00 00 00 00 00 00 00 00 51 02 1f 00 00 00 00 00 
0000000000221d70	00 00 00 00 00 00 00 00 5b 02 1f 00 00 00 00 00 
0000000000221d80	00 00 00 00 00 00 00 00 67 02 1f 00 00 00 00 00 
0000000000221d90	00 00 00 00 00 00 00 00 73 02 1f 00 00 00 00 00 
0000000000221da0	00 00 00 00 00 00 00 00 80 02 1f 00 00 00 00 00 
0000000000221db0	00 00 00 00 00 00 00 00 91 02 1f 00 00 00 00 00 
0000000000221dc0	00 00 00 00 00 00 00 00 a5 02 1f 00 00 00 00 00 
0000000000221dd0	00 00 00 00 00 00 00 00 b6 02 1f 00 00 00 00 00 
0000000000221de0	00 00 00 00 00 00 00 00 c9 02 1f 00 00 00 00 00 
0000000000221df0	00 00 00 00 00 00 00 00 dc 02 1f 00 00 00 00 00 
0000000000221e00	00 00 00 00 00 00 00 00 eb 02 1f 00 00 00 00 00 
0000000000221e10	00 00 00 00 00 00 00 00 f7 02 1f 00 00 00 00 00 
0000000000221e20	00 00 00 00 00 00 00 00 07 03 1f 00 00 00 00 00 
0000000000221e30	00 00 00 00 00 00 00 00 1c 03 1f 00 00 00 00 00 
0000000000221e40	00 00 00 00 00 00 00 00 2d 03 1f 00 00 00 00 00 
0000000000221e50	00 00 00 00 00 00 00 00 43 03 1f 00 00 00 00 00 
0000000000221e60	00 00 00 00 00 00 00 00 58 03 1f 00 00 00 00 00 
0000000000221e70	00 00 00 00 00 00 00 00 6e 03 1f 00 00 00 00 00 
0000000000221e80	00 00 00 00 00 00 00 00 83 03 1f 00 00 00 00 00 
0000000000221e90	00 00 00 00 00 00 00 00 94 03 1f 00 00 00 00 00 
0000000000221ea0	00 00 00 00 00 00 00 00 aa 03 1f 00 00 00 00 00 
0000000000221eb0	00 00 00 00 00 00 00 00 bf 03 1f 00 00 00 00 00 
0000000000221ec0	00 00 00 00 00 00 00 00 d5 03 1f 00 00 00 00 00 
0000000000221ed0	00 00 00 00 00 00 00 00 e7 03 1f 00 00 00 00 00 
0000000000221ee0	00 00 00 00 00 00 00 00 f5 03 1f 00 00 00 00 00 
0000000000221ef0	00 00 00 00 00 00 00 00 08 04 1f 00 00 00 00 00 
0000000000221f00	00 00 00 00 00 00 00 00 1a 04 1f 00 00 00 00 00 
0000000000221f10	00 00 00 00 00 00 00 00 2d 04 1f 00 00 00 00 00 
0000000000221f20	00 00 00 00 00 00 00 00 41 04 1f 00 00 00 00 00 
0000000000221f30	00 00 00 00 00 00 00 00 51 04 1f 00 00 00 00 00 
0000000000221f40	00 00 00 00 00 00 00 00 66 04 1f 00 00 00 00 00 
0000000000221f50	00 00 00 00 00 00 00 00 7a 04 1f 00 00 00 00 00 
0000000000221f60	01 00 00 00 00 00 00 00 00 00 00 00 00 00 00 00 
0000000000221f70	00 00 00 00 00 00 00 00 30 20 22 00 00 00 00 00 
0000000000221f80	10 00 00 00 00 00 00 00 00 00 00 00 00 00 00 00 
0000000000221f90	10 00 00 00 00 00 00 00 00 00 00 00 00 00 00 00 
0000000000221fa0	00 00 00 00 00 00 00 00 60 00 00 00 00 00 00 00 
0000000000221fb0	04 00 00 00 00 00 00 00 00 00 00 00 00 00 00 00 
0000000000221fc0	00 00 00 00 00 00 00 00 00 00 00 00 00 00 00 00 
0000000000221fd0	00 08 00 00 00 00 00 00 18 00 00 00 00 00 00 00 
0000000000221fe0	f0 42 1e 00 00 00 00 00 00 00 00 00 00 00 00 00 
0000000000221ff0	04 00 00 00 00 00 00 00 48 00 00 00 00 00 00 00 
0000000000222000	00 00 00 00 00 00 00 00 00 00 00 00 00 00 00 00 
0000000000222010	00 00 00 00 00 00 00 00 00 00 00 00 00 00 00 00 
0000000000222020	00 00 00 00 00 00 00 00 00 00 00 00 00 00 00 00 
0000000000222030	f8 00 00 00 00 00 00 00 00 00 00 00 00 00 00 01 
0000000000222040	65 fe 1e 00 00 00 00 00 6b fe 1e 00 00 00 00 00 
0000000000222050	e8 3a 1f 00 00 00 00 00 78 fe 1e 00 00 00 00 00 
0000000000222060	ef 3a 1f 00 00 00 00 00 04 3b 1f 00 00 00 00 00 
0000000000222070	1e 3b 1f 00 00 00 00 00 5e fe 1e 00 00 00 00 00 
0000000000222080	e6 88 1e 00 00 00 00 00 2c 84 1e 00 00 00 00 00 
0000000000222090	4f 75 1f 00 00 00 00 00 61 75 1f 00 00 00 00 00 
00000000002220a0	72 75 1f 00 00 00 00 00 00 00 00 00 00 00 00 00 
00000000002220b0	7a 75 1f 00 00 00 00 00 85 75 1f 00 00 00 00 00 
00000000002220c0	8f 75 1f 00 00 00 00 00 9b 75 1f 00 00 00 00 00 
00000000002220d0	59 9c 1f 00 00 00 00 00 00 4f 13 00 00 00 00 00 
00000000002220e0	10 4f 13 00 00 00 00 00 30 4f 13 00 00 00 00 00 
00000000002220f0	40 4f 13 00 00 00 00 00 00 00 00 00 00 00 00 00 
0000000000222100	40 21 22 00 00 00 00 00 03 00 00 00 00 00 00 00 
0000000000222110	00 00 00 00 00 00 00 00 43 21 22 00 00 00 00 00 
0000000000222120	03 00 00 00 00 00 00 00 00 00 00 00 00 00 00 00 
0000000000222130	46 21 22 00 00 00 00 00 04 00 00 00 00 00 00 00 
0000000000222140	02 01 28 02 01 40 02 02 00 80 00 00 00 00 00 00 
0000000000222150	01 13 01 01 03 13 01 01 02 13 01 01 2b c0 01 01 
0000000000222160	2f c0 01 01 a9 cc 01 01 a8 cc 01 01 2c c0 01 01 
0000000000222170	30 c0 01 01 0a c0 01 01 09 c0 01 01 13 c0 01 01 
0000000000222180	23 c0 01 01 27 c0 01 01 14 c0 01 01 24 c0 01 00 
0000000000222190	28 c0 01 00 08 c0 01 00 12 c0 01 00 07 c0 01 00 
00000000002221a0	11 c0 01 00 9e 00 01 01 aa cc 01 01 a2 00 01 00 
00000000002221b0	9f 00 01 01 a3 00 01 00 33 00 01 01 32 00 01 01 
00000000002221c0	67 00 01 01 40 00 01 00 45 00 01 00 44 00 01 00 
00000000002221d0	39 00 01 01 38 00 01 01 6b 00 01 01 6a 00 01 00 
00000000002221e0	88 00 01 00 87 00 01 00 16 00 01 01 13 00 01 01 
00000000002221f0	66 00 01 00 04 c0 01 00 0e c0 01 00 05 c0 01 00 
0000000000222200	0f c0 01 00 03 c0 01 00 0d c0 01 00 02 c0 01 00 
0000000000222210	0c c0 01 00 9c 00 01 01 9d 00 01 01 2f 00 01 01 
0000000000222220	3c 00 01 01 41 00 01 00 35 00 01 01 3d 00 01 01 
0000000000222230	84 00 01 00 96 00 01 00 0a 00 01 01 05 00 01 01 
0000000000222240	04 00 01 01 15 00 01 00 12 00 01 00 09 00 01 00 
0000000000222250	06 c0 01 00 10 c0 01 00 0b c0 01 00 01 c0 01 00 
0000000000222260	02 00 01 00 3b 00 01 00 01 00 01 00 00 00 00 00 
0000000000222270	03 03 04 03 03 03 03 03 00 00 00 00 00 00 00 00 
0000000000222280	00 00 00 00 00 00 00 00 00 00 00 00 00 00 00 00 
0000000000222290	01 40 00 00 00 00 01 00 11 42 da 20 00 00 00 00 
00000000002222a0	2b 06 01 04 01 82 da 4b 2c 
