Contents of (__DATA,__data) section
00000001000282c0	00 00 00 00 00 00 00 00 00 00 00 00 00 00 00 00 
00000001000282d0	c3 a6 01 00 01 00 00 00 00 00 00 00 00 00 00 00 
00000001000282e0	0b a7 01 00 01 00 00 00 2c a7 01 00 01 00 00 00 
00000001000282f0	6b a7 01 00 01 00 00 00 b7 a7 01 00 01 00 00 00 
0000000100028300	b8 a7 01 00 01 00 00 00 02 a8 01 00 01 00 00 00 
0000000100028310	b7 a7 01 00 01 00 00 00 00 00 00 00 00 00 00 00 
0000000100028320	42 a8 01 00 01 00 00 00 55 a8 01 00 01 00 00 00 
0000000100028330	94 a8 01 00 01 00 00 00 d4 a8 01 00 01 00 00 00 
0000000100028340	12 a9 01 00 01 00 00 00 4f a9 01 00 01 00 00 00 
0000000100028350	87 a9 01 00 01 00 00 00 00 00 00 00 00 00 00 00 
0000000100028360	c7 a9 01 00 01 00 00 00 b7 a7 01 00 01 00 00 00 
0000000100028370	ff a9 01 00 01 00 00 00 48 aa 01 00 01 00 00 00 
0000000100028380	b7 a7 01 00 01 00 00 00 6a aa 01 00 01 00 00 00 
0000000100028390	b3 aa 01 00 01 00 00 00 ff aa 01 00 01 00 00 00 
00000001000283a0	49 ab 01 00 01 00 00 00 92 ab 01 00 01 00 00 00 
00000001000283b0	df ab 01 00 01 00 00 00 22 ac 01 00 01 00 00 00 
00000001000283c0	6a ac 01 00 01 00 00 00 b7 a7 01 00 01 00 00 00 
00000001000283d0	84 ac 01 00 01 00 00 00 cd ac 01 00 01 00 00 00 
00000001000283e0	18 ad 01 00 01 00 00 00 5f ad 01 00 01 00 00 00 
00000001000283f0	b7 a7 01 00 01 00 00 00 9c ad 01 00 01 00 00 00 
0000000100028400	e2 ad 01 00 01 00 00 00 29 ae 01 00 01 00 00 00 
0000000100028410	b7 a7 01 00 01 00 00 00 71 ae 01 00 01 00 00 00 
0000000100028420	b9 ae 01 00 01 00 00 00 02 af 01 00 01 00 00 00 
0000000100028430	b7 a7 01 00 01 00 00 00 18 af 01 00 01 00 00 00 
0000000100028440	63 af 01 00 01 00 00 00 ad af 01 00 01 00 00 00 
0000000100028450	f8 af 01 00 01 00 00 00 45 b0 01 00 01 00 00 00 
0000000100028460	92 b0 01 00 01 00 00 00 e0 b0 01 00 01 00 00 00 
0000000100028470	2e b1 01 00 01 00 00 00 b7 a7 01 00 01 00 00 00 
0000000100028480	52 b1 01 00 01 00 00 00 a1 b1 01 00 01 00 00 00 
0000000100028490	ed b1 01 00 01 00 00 00 3c b2 01 00 01 00 00 00 
00000001000284a0	8b b2 01 00 01 00 00 00 d2 b2 01 00 01 00 00 00 
00000001000284b0	21 b3 01 00 01 00 00 00 69 b3 01 00 01 00 00 00 
00000001000284c0	b7 b3 01 00 01 00 00 00 02 b4 01 00 01 00 00 00 
00000001000284d0	49 b4 01 00 01 00 00 00 94 b4 01 00 01 00 00 00 
00000001000284e0	dd b4 01 00 01 00 00 00 27 b5 01 00 01 00 00 00 
00000001000284f0	b7 a7 01 00 01 00 00 00 5d b5 01 00 01 00 00 00 
0000000100028500	ac b5 01 00 01 00 00 00 f9 b5 01 00 01 00 00 00 
0000000100028510	0b b7 01 00 01 00 00 00 0d b7 01 00 01 00 00 00 
0000000100028520	00 00 00 00 00 00 00 00 30 00 00 00 00 00 00 00 
0000000100028530	0d b7 01 00 01 00 00 00 13 b7 01 00 01 00 00 00 
0000000100028540	15 b7 01 00 01 00 00 00 00 00 00 00 00 00 00 00 
0000000100028550	31 00 00 00 00 00 00 00 20 b7 01 00 01 00 00 00 
0000000100028560	2b b7 01 00 01 00 00 00 2d b7 01 00 01 00 00 00 
0000000100028570	00 00 00 00 00 00 00 00 32 00 00 00 00 00 00 00 
0000000100028580	38 b7 01 00 01 00 00 00 43 b7 01 00 01 00 00 00 
0000000100028590	45 b7 01 00 01 00 00 00 00 00 00 00 00 00 00 00 
00000001000285a0	33 00 00 00 00 00 00 00 50 b7 01 00 01 00 00 00 
00000001000285b0	5b b7 01 00 01 00 00 00 5d b7 01 00 01 00 00 00 
00000001000285c0	00 00 00 00 00 00 00 00 34 00 00 00 00 00 00 00 
00000001000285d0	68 b7 01 00 01 00 00 00 73 b7 01 00 01 00 00 00 
00000001000285e0	75 b7 01 00 01 00 00 00 00 00 00 00 00 00 00 00 
00000001000285f0	35 00 00 00 00 00 00 00 80 b7 01 00 01 00 00 00 
0000000100028600	8b b7 01 00 01 00 00 00 8d b7 01 00 01 00 00 00 
0000000100028610	00 00 00 00 00 00 00 00 36 00 00 00 00 00 00 00 
0000000100028620	98 b7 01 00 01 00 00 00 a3 b7 01 00 01 00 00 00 
0000000100028630	a5 b7 01 00 01 00 00 00 00 00 00 00 00 00 00 00 
0000000100028640	37 00 00 00 00 00 00 00 b0 b7 01 00 01 00 00 00 
0000000100028650	bb b7 01 00 01 00 00 00 bd b7 01 00 01 00 00 00 
0000000100028660	00 00 00 00 00 00 00 00 38 00 00 00 00 00 00 00 
0000000100028670	c8 b7 01 00 01 00 00 00 d3 b7 01 00 01 00 00 00 
0000000100028680	d5 b7 01 00 01 00 00 00 00 00 00 00 00 00 00 00 
0000000100028690	39 00 00 00 00 00 00 00 e0 b7 01 00 01 00 00 00 
00000001000286a0	eb b7 01 00 01 00 00 00 ed b7 01 00 01 00 00 00 
00000001000286b0	00 00 00 00 00 00 00 00 41 00 00 00 00 00 00 00 
00000001000286c0	f8 b7 01 00 01 00 00 00 16 b8 01 00 01 00 00 00 
00000001000286d0	18 b8 01 00 01 00 00 00 01 00 00 00 00 00 00 00 
00000001000286e0	62 00 00 00 00 00 00 00 22 b8 01 00 01 00 00 00 
00000001000286f0	3e b8 01 00 01 00 00 00 40 b8 01 00 01 00 00 00 
0000000100028700	00 00 00 00 00 00 00 00 63 00 00 00 00 00 00 00 
0000000100028710	4f b8 01 00 01 00 00 00 6b b8 01 00 01 00 00 00 
0000000100028720	6d b8 01 00 01 00 00 00 00 00 00 00 00 00 00 00 
0000000100028730	64 00 00 00 00 00 00 00 74 b8 01 00 01 00 00 00 
0000000100028740	90 b8 01 00 01 00 00 00 93 b8 01 00 01 00 00 00 
0000000100028750	00 00 00 00 01 00 00 00 05 01 00 00 00 00 00 00 
0000000100028760	a1 b8 01 00 01 00 00 00 b7 b8 01 00 01 00 00 00 
0000000100028770	ba b8 01 00 01 00 00 00 00 00 00 00 01 00 00 00 
0000000100028780	06 01 00 00 00 00 00 00 c9 b8 01 00 01 00 00 00 
0000000100028790	e4 b8 01 00 01 00 00 00 e7 b8 01 00 01 00 00 00 
00000001000287a0	00 00 00 00 01 00 00 00 07 01 00 00 00 00 00 00 
00000001000287b0	f4 b8 01 00 01 00 00 00 16 b9 01 00 01 00 00 00 
00000001000287c0	19 b9 01 00 01 00 00 00 00 00 00 00 01 00 00 00 
00000001000287d0	11 01 00 00 00 00 00 00 2c b9 01 00 01 00 00 00 
00000001000287e0	56 b9 01 00 01 00 00 00 59 b9 01 00 01 00 00 00 
00000001000287f0	01 00 00 00 00 00 00 00 12 01 00 00 00 00 00 00 
0000000100028800	62 b9 01 00 01 00 00 00 8c b9 01 00 01 00 00 00 
0000000100028810	8f b9 01 00 01 00 00 00 00 00 00 00 01 00 00 00 
0000000100028820	13 01 00 00 00 00 00 00 9d b9 01 00 01 00 00 00 
0000000100028830	c0 b9 01 00 01 00 00 00 c3 b9 01 00 01 00 00 00 
0000000100028840	00 00 00 00 01 00 00 00 14 01 00 00 00 00 00 00 
0000000100028850	d2 b9 01 00 01 00 00 00 ef b9 01 00 01 00 00 00 
0000000100028860	f1 b9 01 00 01 00 00 00 00 00 00 00 00 00 00 00 
0000000100028870	44 00 00 00 00 00 00 00 00 ba 01 00 01 00 00 00 
0000000100028880	27 ba 01 00 01 00 00 00 2a ba 01 00 01 00 00 00 
0000000100028890	00 00 00 00 00 00 00 00 10 01 00 00 00 00 00 00 
00000001000288a0	3d ba 01 00 01 00 00 00 68 ba 01 00 01 00 00 00 
00000001000288b0	6a ba 01 00 01 00 00 00 00 00 00 00 00 00 00 00 
00000001000288c0	65 00 00 00 00 00 00 00 72 ba 01 00 01 00 00 00 
00000001000288d0	94 ba 01 00 01 00 00 00 96 ba 01 00 01 00 00 00 
00000001000288e0	00 00 00 00 00 00 00 00 46 00 00 00 00 00 00 00 
00000001000288f0	9a ba 01 00 01 00 00 00 c0 ba 01 00 01 00 00 00 
0000000100028900	c3 ba 01 00 01 00 00 00 00 00 00 00 00 00 00 00 
0000000100028910	15 01 00 00 00 00 00 00 ca ba 01 00 01 00 00 00 
0000000100028920	f6 ba 01 00 01 00 00 00 f9 ba 01 00 01 00 00 00 
0000000100028930	00 00 00 00 01 00 00 00 16 01 00 00 00 00 00 00 
0000000100028940	fe ba 01 00 01 00 00 00 2a bb 01 00 01 00 00 00 
0000000100028950	2d bb 01 00 01 00 00 00 00 00 00 00 00 00 00 00 
0000000100028960	17 01 00 00 00 00 00 00 36 bb 01 00 01 00 00 00 
0000000100028970	62 bb 01 00 01 00 00 00 64 bb 01 00 01 00 00 00 
0000000100028980	00 00 00 00 00 00 00 00 66 00 00 00 00 00 00 00 
0000000100028990	6c bb 01 00 01 00 00 00 8d bb 01 00 01 00 00 00 
00000001000289a0	90 bb 01 00 01 00 00 00 00 00 00 00 00 00 00 00 
00000001000289b0	08 01 00 00 00 00 00 00 a2 bb 01 00 01 00 00 00 
00000001000289c0	c9 bb 01 00 01 00 00 00 cc bb 01 00 01 00 00 00 
00000001000289d0	00 00 00 00 01 00 00 00 45 01 00 00 00 00 00 00 
00000001000289e0	d8 bb 01 00 01 00 00 00 03 bc 01 00 01 00 00 00 
00000001000289f0	05 bc 01 00 01 00 00 00 00 00 00 00 00 00 00 00 
0000000100028a00	67 00 00 00 00 00 00 00 0a bc 01 00 01 00 00 00 
0000000100028a10	33 bc 01 00 01 00 00 00 35 bc 01 00 01 00 00 00 
0000000100028a20	00 00 00 00 00 00 00 00 68 00 00 00 00 00 00 00 
0000000100028a30	35 bc 01 00 01 00 00 00 3a bc 01 00 01 00 00 00 
0000000100028a40	b7 a7 01 00 01 00 00 00 00 00 00 00 00 00 00 00 
0000000100028a50	68 00 00 00 00 00 00 00 35 bc 01 00 01 00 00 00 
0000000100028a60	3c bc 01 00 01 00 00 00 b7 a7 01 00 01 00 00 00 
0000000100028a70	00 00 00 00 00 00 00 00 68 00 00 00 00 00 00 00 
0000000100028a80	35 bc 01 00 01 00 00 00 3e bc 01 00 01 00 00 00 
0000000100028a90	41 bc 01 00 01 00 00 00 00 00 00 00 00 00 00 00 
0000000100028aa0	18 01 00 00 00 00 00 00 4b bc 01 00 01 00 00 00 
0000000100028ab0	59 bc 01 00 01 00 00 00 5b bc 01 00 01 00 00 00 
0000000100028ac0	03 00 00 00 00 00 00 00 69 00 00 00 00 00 00 00 
0000000100028ad0	63 bc 01 00 01 00 00 00 88 bc 01 00 01 00 00 00 
0000000100028ae0	8a bc 01 00 01 00 00 00 00 00 00 00 00 00 00 00 
0000000100028af0	6a 00 00 00 00 00 00 00 95 bc 01 00 01 00 00 00 
0000000100028b00	bb bc 01 00 01 00 00 00 bd bc 01 00 01 00 00 00 
0000000100028b10	00 00 00 00 00 00 00 00 4a 00 00 00 00 00 00 00 
0000000100028b20	c6 bc 01 00 01 00 00 00 e8 bc 01 00 01 00 00 00 
0000000100028b30	ea bc 01 00 01 00 00 00 00 00 00 00 00 00 00 00 
0000000100028b40	6b 00 00 00 00 00 00 00 f4 bc 01 00 01 00 00 00 
0000000100028b50	0f bd 01 00 01 00 00 00 11 bd 01 00 01 00 00 00 
0000000100028b60	00 00 00 00 00 00 00 00 6c 00 00 00 00 00 00 00 
0000000100028b70	19 bd 01 00 01 00 00 00 40 bd 01 00 01 00 00 00 
0000000100028b80	43 bd 01 00 01 00 00 00 00 00 00 00 00 00 00 00 
0000000100028b90	24 01 00 00 00 00 00 00 4d bd 01 00 01 00 00 00 
0000000100028ba0	74 bd 01 00 01 00 00 00 77 bd 01 00 01 00 00 00 
0000000100028bb0	01 00 00 00 00 00 00 00 22 01 00 00 00 00 00 00 
0000000100028bc0	84 bd 01 00 01 00 00 00 b0 bd 01 00 01 00 00 00 
0000000100028bd0	b3 bd 01 00 01 00 00 00 00 00 00 00 01 00 00 00 
0000000100028be0	21 01 00 00 00 00 00 00 be bd 01 00 01 00 00 00 
0000000100028bf0	da bd 01 00 01 00 00 00 dd bd 01 00 01 00 00 00 
0000000100028c00	00 00 00 00 01 00 00 00 23 01 00 00 00 00 00 00 
0000000100028c10	e6 bd 01 00 01 00 00 00 0c be 01 00 01 00 00 00 
0000000100028c20	0e be 01 00 01 00 00 00 00 00 00 00 00 00 00 00 
0000000100028c30	4c 00 00 00 00 00 00 00 16 be 01 00 01 00 00 00 
0000000100028c40	26 be 01 00 01 00 00 00 28 be 01 00 01 00 00 00 
0000000100028c50	00 00 00 00 00 00 00 00 6d 00 00 00 00 00 00 00 
0000000100028c60	2d be 01 00 01 00 00 00 54 be 01 00 01 00 00 00 
0000000100028c70	b7 a7 01 00 01 00 00 00 00 00 00 00 00 00 00 00 
0000000100028c80	25 01 00 00 00 00 00 00 57 be 01 00 01 00 00 00 
0000000100028c90	60 be 01 00 01 00 00 00 63 be 01 00 01 00 00 00 
0000000100028ca0	00 00 00 00 00 00 00 00 26 01 00 00 00 00 00 00 
0000000100028cb0	6e be 01 00 01 00 00 00 98 be 01 00 01 00 00 00 
0000000100028cc0	9a be 01 00 01 00 00 00 01 00 00 00 00 00 00 00 
0000000100028cd0	6e 00 00 00 00 00 00 00 a3 be 01 00 01 00 00 00 
0000000100028ce0	c6 be 01 00 01 00 00 00 c9 be 01 00 01 00 00 00 
0000000100028cf0	00 00 00 00 00 00 00 00 27 01 00 00 00 00 00 00 
0000000100028d00	d1 be 01 00 01 00 00 00 f3 be 01 00 01 00 00 00 
0000000100028d10	f5 be 01 00 01 00 00 00 00 00 00 00 00 00 00 00 
0000000100028d20	6f 00 00 00 00 00 00 00 01 bf 01 00 01 00 00 00 
0000000100028d30	27 bf 01 00 01 00 00 00 29 bf 01 00 01 00 00 00 
0000000100028d40	01 00 00 00 00 00 00 00 4f 00 00 00 00 00 00 00 
0000000100028d50	35 bf 01 00 01 00 00 00 5f bf 01 00 01 00 00 00 
0000000100028d60	61 bf 01 00 01 00 00 00 00 00 00 00 00 00 00 00 
0000000100028d70	70 00 00 00 00 00 00 00 67 bf 01 00 01 00 00 00 
0000000100028d80	73 bf 01 00 01 00 00 00 75 bf 01 00 01 00 00 00 
0000000100028d90	01 00 00 00 00 00 00 00 50 00 00 00 00 00 00 00 
0000000100028da0	7e bf 01 00 01 00 00 00 a8 bf 01 00 01 00 00 00 
0000000100028db0	aa bf 01 00 01 00 00 00 00 00 00 00 00 00 00 00 
0000000100028dc0	71 00 00 00 00 00 00 00 aa bf 01 00 01 00 00 00 
0000000100028dd0	b0 bf 01 00 01 00 00 00 b2 bf 01 00 01 00 00 00 
0000000100028de0	00 00 00 00 00 00 00 00 72 00 00 00 00 00 00 00 
0000000100028df0	c0 bf 01 00 01 00 00 00 da bf 01 00 01 00 00 00 
0000000100028e00	dc bf 01 00 01 00 00 00 00 00 00 00 00 00 00 00 
0000000100028e10	52 00 00 00 00 00 00 00 ed bf 01 00 01 00 00 00 
0000000100028e20	14 c0 01 00 01 00 00 00 17 c0 01 00 01 00 00 00 
0000000100028e30	00 00 00 00 00 00 00 00 28 01 00 00 00 00 00 00 
0000000100028e40	1d c0 01 00 01 00 00 00 3b c0 01 00 01 00 00 00 
0000000100028e50	3d c0 01 00 01 00 00 00 01 00 00 00 00 00 00 00 
0000000100028e60	73 00 00 00 00 00 00 00 48 c0 01 00 01 00 00 00 
0000000100028e70	73 c0 01 00 01 00 00 00 76 c0 01 00 01 00 00 00 
0000000100028e80	00 00 00 00 00 00 00 00 34 01 00 00 00 00 00 00 
0000000100028e90	82 c0 01 00 01 00 00 00 ae c0 01 00 01 00 00 00 
0000000100028ea0	b1 c0 01 00 01 00 00 00 00 00 00 00 00 00 00 00 
0000000100028eb0	37 01 00 00 00 00 00 00 bf c0 01 00 01 00 00 00 
0000000100028ec0	e0 c0 01 00 01 00 00 00 e3 c0 01 00 01 00 00 00 
0000000100028ed0	00 00 00 00 00 00 00 00 29 01 00 00 00 00 00 00 
0000000100028ee0	ee c0 01 00 01 00 00 00 12 c1 01 00 01 00 00 00 
0000000100028ef0	15 c1 01 00 01 00 00 00 00 00 00 00 00 00 00 00 
0000000100028f00	30 01 00 00 00 00 00 00 22 c1 01 00 01 00 00 00 
0000000100028f10	34 c1 01 00 01 00 00 00 37 c1 01 00 01 00 00 00 
0000000100028f20	00 00 00 00 00 00 00 00 31 01 00 00 00 00 00 00 
0000000100028f30	42 c1 01 00 01 00 00 00 4d c1 01 00 01 00 00 00 
0000000100028f40	50 c1 01 00 01 00 00 00 00 00 00 00 01 00 00 00 
0000000100028f50	32 01 00 00 00 00 00 00 5b c1 01 00 01 00 00 00 
0000000100028f60	7d c1 01 00 01 00 00 00 80 c1 01 00 01 00 00 00 
0000000100028f70	00 00 00 00 00 00 00 00 33 01 00 00 00 00 00 00 
0000000100028f80	8d c1 01 00 01 00 00 00 9a c1 01 00 01 00 00 00 
0000000100028f90	9c c1 01 00 01 00 00 00 01 00 00 00 00 00 00 00 
0000000100028fa0	74 00 00 00 00 00 00 00 a6 c1 01 00 01 00 00 00 
0000000100028fb0	ba c1 01 00 01 00 00 00 bd c1 01 00 01 00 00 00 
0000000100028fc0	01 00 00 00 00 00 00 00 38 01 00 00 00 00 00 00 
0000000100028fd0	c9 c1 01 00 01 00 00 00 dd c1 01 00 01 00 00 00 
0000000100028fe0	df c1 01 00 01 00 00 00 00 00 00 00 00 00 00 00 
0000000100028ff0	54 00 00 00 00 00 00 00 e4 c1 01 00 01 00 00 00 
0000000100029000	0a c2 01 00 01 00 00 00 0d c2 01 00 01 00 00 00 
0000000100029010	01 00 00 00 00 00 00 00 39 01 00 00 00 00 00 00 
0000000100029020	1b c2 01 00 01 00 00 00 46 c2 01 00 01 00 00 00 
0000000100029030	48 c2 01 00 01 00 00 00 00 00 00 00 00 00 00 00 
0000000100029040	75 00 00 00 00 00 00 00 4f c2 01 00 01 00 00 00 
0000000100029050	73 c2 01 00 01 00 00 00 75 c2 01 00 01 00 00 00 
0000000100029060	00 00 00 00 00 00 00 00 55 00 00 00 00 00 00 00 
0000000100029070	82 c2 01 00 01 00 00 00 ad c2 01 00 01 00 00 00 
0000000100029080	af c2 01 00 01 00 00 00 00 00 00 00 00 00 00 00 
0000000100029090	76 00 00 00 00 00 00 00 b7 c2 01 00 01 00 00 00 
00000001000290a0	b7 a7 01 00 01 00 00 00 d6 c2 01 00 01 00 00 00 
00000001000290b0	00 00 00 00 00 00 00 00 41 01 00 00 00 00 00 00 
00000001000290c0	de c2 01 00 01 00 00 00 0a c3 01 00 01 00 00 00 
00000001000290d0	0d c3 01 00 01 00 00 00 00 00 00 00 00 00 00 00 
00000001000290e0	43 01 00 00 00 00 00 00 1c c3 01 00 01 00 00 00 
00000001000290f0	3c c3 01 00 01 00 00 00 3e c3 01 00 01 00 00 00 
0000000100029100	03 00 00 00 00 00 00 00 78 00 00 00 00 00 00 00 
0000000100029110	46 c3 01 00 01 00 00 00 66 c3 01 00 01 00 00 00 
0000000100029120	68 c3 01 00 01 00 00 00 00 00 00 00 01 00 00 00 
0000000100029130	58 00 00 00 00 00 00 00 74 c3 01 00 01 00 00 00 
0000000100029140	9e c3 01 00 01 00 00 00 a0 c3 01 00 01 00 00 00 
0000000100029150	00 00 00 00 00 00 00 00 79 00 00 00 00 00 00 00 
0000000100029160	a9 c3 01 00 01 00 00 00 be c3 01 00 01 00 00 00 
0000000100029170	c0 c3 01 00 01 00 00 00 00 00 00 00 00 00 00 00 
0000000100029180	7a 00 00 00 00 00 00 00 d0 c3 01 00 01 00 00 00 
0000000100029190	e8 c3 01 00 01 00 00 00 ea c3 01 00 01 00 00 00 
00000001000291a0	01 00 00 00 00 00 00 00 5a 00 00 00 00 00 00 00 
00000001000291b0	fd c3 01 00 01 00 00 00 10 c4 01 00 01 00 00 00 
00000001000291c0	12 c4 01 00 01 00 00 00 00 00 00 00 00 00 00 00 
00000001000291d0	40 00 00 00 00 00 00 00 1e c4 01 00 01 00 00 00 
00000001000291e0	00 00 00 00 00 00 00 00 00 00 00 00 00 00 00 00 
00000001000291f0	00 00 00 00 00 00 00 00 00 00 00 00 00 00 00 00 
0000000100029200	00 00 00 00 00 00 00 00 01 00 00 00 00 00 00 00 
0000000100029210	5f f5 00 00 01 00 00 00 ff ff ff ff 01 00 00 00 
0000000100029220	01 00 00 00 00 00 00 00 00 00 00 00 00 00 00 00 
0000000100029230	25 00 00 00 00 00 00 00 00 00 00 00 00 00 00 00 
0000000100029240	25 00 00 00 00 00 00 00 00 00 00 00 00 00 00 00 
0000000100029250	b8 38 02 00 01 00 00 00 bb 38 02 00 01 00 00 00 
0000000100029260	01 00 00 00 00 00 00 00 b7 a7 01 00 01 00 00 00 
0000000100029270	b7 a7 01 00 01 00 00 00 07 00 00 00 00 00 00 00 
0000000100029280	d8 38 02 00 01 00 00 00 dc 38 02 00 01 00 00 00 
0000000100029290	04 00 00 00 00 00 00 00 f7 38 02 00 01 00 00 00 
00000001000292a0	fc 38 02 00 01 00 00 00 02 00 00 00 00 00 00 00 
00000001000292b0	17 39 02 00 01 00 00 00 1b 39 02 00 01 00 00 00 
00000001000292c0	04 00 00 00 00 00 00 00 29 39 02 00 01 00 00 00 
00000001000292d0	2f 39 02 00 01 00 00 00 04 00 00 00 00 00 00 00 
00000001000292e0	44 39 02 00 01 00 00 00 48 39 02 00 01 00 00 00 
00000001000292f0	02 00 00 00 00 00 00 00 6f 39 02 00 01 00 00 00 
0000000100029300	74 39 02 00 01 00 00 00 02 00 00 00 00 00 00 00 
0000000100029310	8b 39 02 00 01 00 00 00 90 39 02 00 01 00 00 00 
0000000100029320	04 00 00 00 00 00 00 00 c8 39 02 00 01 00 00 00 
0000000100029330	ce 39 02 00 01 00 00 00 02 00 00 00 00 00 00 00 
0000000100029340	da 39 02 00 01 00 00 00 df 39 02 00 01 00 00 00 
0000000100029350	14 00 00 00 00 00 00 00 f6 39 02 00 01 00 00 00 
0000000100029360	fb 39 02 00 01 00 00 00 14 00 00 00 00 00 00 00 
0000000100029370	13 3a 02 00 01 00 00 00 18 3a 02 00 01 00 00 00 
0000000100029380	00 00 00 00 00 00 00 00 27 3a 02 00 01 00 00 00 
0000000100029390	2c 3a 02 00 01 00 00 00 02 00 00 00 00 00 00 00 
00000001000293a0	46 3a 02 00 01 00 00 00 4c 3a 02 00 01 00 00 00 
00000001000293b0	14 00 00 00 00 00 00 00 66 3a 02 00 01 00 00 00 
00000001000293c0	6c 3a 02 00 01 00 00 00 14 00 00 00 00 00 00 00 
00000001000293d0	89 3a 02 00 01 00 00 00 8f 3a 02 00 01 00 00 00 
00000001000293e0	02 00 00 00 00 00 00 00 b7 a7 01 00 01 00 00 00 
00000001000293f0	b7 a7 01 00 01 00 00 00 07 00 00 00 00 00 00 00 
0000000100029400	a9 3a 02 00 01 00 00 00 ae 3a 02 00 01 00 00 00 
0000000100029410	12 00 00 00 00 00 00 00 d3 3a 02 00 01 00 00 00 
0000000100029420	db 3a 02 00 01 00 00 00 04 00 00 00 00 00 00 00 
0000000100029430	e9 3a 02 00 01 00 00 00 ef 3a 02 00 01 00 00 00 
0000000100029440	04 00 00 00 00 00 00 00 01 00 00 00 ff ff ff ff 
0000000100029450	06 00 00 00 01 00 00 00 01 00 00 00 01 00 00 00 
0000000100029460	01 00 00 00 01 00 00 00 ff ff ff ff 00 00 00 00 
0000000100029470	19 3b 02 00 01 00 00 00 01 00 00 00 00 00 00 00 
0000000100029480	05 00 00 00 00 00 00 00 02 00 00 00 00 00 00 00 
0000000100029490	ff ff ff ff ff ff ff ff f0 98 02 00 01 00 00 00 
00000001000294a0	ff ff ff ff 00 00 00 00 00 00 00 00 00 00 00 00 
00000001000294b0	00 00 00 00 00 00 00 00 00 00 00 00 00 00 00 00 
00000001000294c0	00 00 00 00 00 00 00 00 00 00 00 00 00 00 00 00 
00000001000294d0	01 00 00 00 01 00 00 00 01 00 00 00 01 00 00 00 
00000001000294e0	02 00 00 00 02 00 00 00 02 00 00 00 02 00 00 00 
00000001000294f0	03 00 00 00 03 00 00 00 03 00 00 00 03 00 00 00 
0000000100029500	04 00 00 00 04 00 00 00 04 00 00 00 04 00 00 00 
0000000100029510	05 00 00 00 05 00 00 00 05 00 00 00 05 00 00 00 
0000000100029520	00 00 00 00 00 00 00 00 00 00 00 00 00 00 00 00 
0000000100029530	00 00 00 00 00 00 00 00 00 00 00 00 00 00 00 00 
0000000100029540	01 00 00 00 01 00 00 00 02 00 00 00 02 00 00 00 
0000000100029550	03 00 00 00 03 00 00 00 04 00 00 00 04 00 00 00 
0000000100029560	05 00 00 00 05 00 00 00 06 00 00 00 06 00 00 00 
0000000100029570	07 00 00 00 07 00 00 00 08 00 00 00 08 00 00 00 
0000000100029580	09 00 00 00 09 00 00 00 0a 00 00 00 0a 00 00 00 
0000000100029590	0b 00 00 00 0b 00 00 00 0c 00 00 00 0c 00 00 00 
00000001000295a0	0d 00 00 00 0d 00 00 00 e0 e6 05 00 01 00 00 00 
00000001000295b0	30 d2 05 00 01 00 00 00 b0 94 02 00 01 00 00 00 
00000001000295c0	01 01 00 00 1e 01 00 00 0f 00 00 00 00 00 00 00 
00000001000295d0	e0 ef 05 00 01 00 00 00 90 cd 05 00 01 00 00 00 
00000001000295e0	30 95 02 00 01 00 00 00 00 00 00 00 1e 00 00 00 
00000001000295f0	0f 00 00 00 00 00 00 00 20 71 07 00 01 00 00 00 
0000000100029600	00 00 00 00 00 00 00 00 20 96 02 00 01 00 00 00 
0000000100029610	00 00 00 00 13 00 00 00 07 00 00 00 00 00 00 00 
0000000100029620	00 00 00 00 00 00 00 00 00 00 00 00 00 00 00 00 
0000000100029630	00 00 00 00 00 00 00 00 00 00 00 00 00 00 00 00 
0000000100029640	00 00 00 00 00 00 00 00 00 00 00 00 00 00 00 00 
0000000100029650	00 00 00 00 00 00 00 00 00 00 00 00 00 00 00 00 
0000000100029660	02 00 00 00 03 00 00 00 07 00 00 00 
