Contents of (__DATA,__data) section
0000000100130640	00 00 00 00 00 00 00 00 02 00 00 00 00 00 00 00 
0000000100130650	00 04 00 00 00 00 00 00 00 00 00 00 00 00 00 00 
0000000100130660	81 1b 11 00 01 00 00 00 00 00 00 00 00 00 00 00 
0000000100130670	08 7b 00 00 01 00 00 00 b5 7b 00 00 01 00 00 00 
0000000100130680	c0 7b 00 00 01 00 00 00 ce 7b 00 00 01 00 00 00 
0000000100130690	ef 7b 00 00 01 00 00 00 fe 7b 00 00 01 00 00 00 
00000001001306a0	0d 7c 00 00 01 00 00 00 1c 7c 00 00 01 00 00 00 
00000001001306b0	2b 7c 00 00 01 00 00 00 3a 7c 00 00 01 00 00 00 
00000001001306c0	49 7c 00 00 01 00 00 00 58 7c 00 00 01 00 00 00 
00000001001306d0	6a 7c 00 00 01 00 00 00 00 00 00 00 00 00 00 00 
00000001001306e0	00 00 00 00 00 00 00 00 00 00 00 00 00 00 00 00 
00000001001306f0	00 00 00 00 00 00 00 00 00 00 00 00 00 00 00 00 
0000000100130700	67 b2 01 00 01 00 00 00 c1 b2 01 00 01 00 00 00 
0000000100130710	83 b3 01 00 01 00 00 00 00 00 00 00 00 00 00 00 
0000000100130720	90 b3 01 00 01 00 00 00 db b3 01 00 01 00 00 00 
0000000100130730	fa b3 01 00 01 00 00 00 80 b5 01 00 01 00 00 00 
0000000100130740	70 b8 01 00 01 00 00 00 7f b8 01 00 01 00 00 00 
0000000100130750	f0 b8 01 00 01 00 00 00 00 00 00 00 00 00 00 00 
0000000100130760	00 00 00 00 00 00 00 00 00 00 00 00 00 00 00 00 
0000000100130770	00 00 00 00 00 00 00 00 00 00 00 00 00 00 00 00 
0000000100130780	00 00 00 00 00 00 00 00 00 00 00 00 00 00 00 00 
0000000100130790	00 00 00 00 00 00 00 00 00 00 00 00 00 00 00 00 
00000001001307a0	00 00 00 00 00 00 00 00 00 00 00 00 00 00 00 00 
00000001001307b0	03 00 00 00 00 00 00 00 00 04 00 00 00 00 00 00 
00000001001307c0	00 00 00 00 00 00 00 00 61 24 11 00 01 00 00 00 
00000001001307d0	00 00 00 00 00 00 00 00 44 b9 01 00 01 00 00 00 
00000001001307e0	2f bb 01 00 01 00 00 00 3e bb 01 00 01 00 00 00 
00000001001307f0	4d bb 01 00 01 00 00 00 5c bb 01 00 01 00 00 00 
0000000100130800	6b bb 01 00 01 00 00 00 7a bb 01 00 01 00 00 00 
0000000100130810	89 bb 01 00 01 00 00 00 98 bb 01 00 01 00 00 00 
0000000100130820	a7 bb 01 00 01 00 00 00 b6 bb 01 00 01 00 00 00 
0000000100130830	c5 bb 01 00 01 00 00 00 d7 bb 01 00 01 00 00 00 
0000000100130840	e9 bb 01 00 01 00 00 00 fb bb 01 00 01 00 00 00 
0000000100130850	0d bc 01 00 01 00 00 00 17 c0 01 00 01 00 00 00 
0000000100130860	56 c0 01 00 01 00 00 00 9f c0 01 00 01 00 00 00 
0000000100130870	2b c1 01 00 01 00 00 00 36 c1 01 00 01 00 00 00 
0000000100130880	41 c1 01 00 01 00 00 00 4c c1 01 00 01 00 00 00 
0000000100130890	00 00 00 00 00 00 00 00 00 00 00 00 00 00 00 00 
00000001001308a0	00 00 00 00 00 00 00 00 76 c8 01 00 01 00 00 00 
00000001001308b0	dd c8 01 00 01 00 00 00 4a ca 01 00 01 00 00 00 
00000001001308c0	00 00 00 00 00 00 00 00 57 ca 01 00 01 00 00 00 
00000001001308d0	98 ca 01 00 01 00 00 00 a5 ca 01 00 01 00 00 00 
00000001001308e0	c1 cb 01 00 01 00 00 00 f8 cb 01 00 01 00 00 00 
00000001001308f0	1b cc 01 00 01 00 00 00 44 cc 01 00 01 00 00 00 
0000000100130900	00 00 00 00 00 00 00 00 00 00 00 00 00 00 00 00 
0000000100130910	00 00 00 00 00 00 00 00 00 00 00 00 00 00 00 00 
0000000100130920	00 00 00 00 00 00 00 00 00 00 00 00 00 00 00 00 
0000000100130930	00 00 00 00 00 00 00 00 00 00 00 00 00 00 00 00 
0000000100130940	00 00 00 00 00 00 00 00 00 00 00 00 00 00 00 00 
0000000100130950	00 00 00 00 00 00 00 00 01 00 00 00 00 00 00 00 
0000000100130960	00 00 00 00 00 00 00 00 00 00 00 00 00 00 00 00 
0000000100130970	92 aa 01 00 01 00 00 00 00 ab 01 00 01 00 00 00 
0000000100130980	e7 ab 01 00 01 00 00 00 00 00 00 00 00 00 00 00 
0000000100130990	f4 ab 01 00 01 00 00 00 6f ac 01 00 01 00 00 00 
00000001001309a0	8e ac 01 00 01 00 00 00 8c ad 01 00 01 00 00 00 
00000001001309b0	73 af 01 00 01 00 00 00 86 af 01 00 01 00 00 00 
00000001001309c0	fc b0 01 00 01 00 00 00 00 00 00 00 00 00 00 00 
00000001001309d0	00 00 00 00 00 00 00 00 00 00 00 00 00 00 00 00 
00000001001309e0	00 00 00 00 00 00 00 00 00 00 00 00 00 00 00 00 
00000001001309f0	00 00 00 00 00 00 00 00 00 00 00 00 00 00 00 00 
0000000100130a00	00 00 00 00 00 00 00 00 00 00 00 00 00 00 00 00 
0000000100130a10	00 00 00 00 00 00 00 00 00 00 00 00 00 00 00 00 
0000000100130a20	02 00 00 00 00 00 00 00 10 d9 01 00 01 00 00 00 
0000000100130a30	10 d9 01 00 01 00 00 00 28 da 01 00 01 00 00 00 
0000000100130a40	f3 db 01 00 01 00 00 00 f3 db 01 00 01 00 00 00 
0000000100130a50	00 dc 01 00 01 00 00 00 35 dc 01 00 01 00 00 00 
0000000100130a60	58 dc 01 00 01 00 00 00 c7 dc 01 00 01 00 00 00 
0000000100130a70	fa dc 01 00 01 00 00 00 0a dd 01 00 01 00 00 00 
0000000100130a80	37 dd 01 00 01 00 00 00 46 dd 01 00 01 00 00 00 
0000000100130a90	00 00 00 00 00 00 00 00 00 00 00 00 00 00 00 00 
0000000100130aa0	00 00 00 00 00 00 00 00 00 00 00 00 00 00 00 00 
0000000100130ab0	00 00 00 00 00 00 00 00 00 00 00 00 00 00 00 00 
0000000100130ac0	00 00 00 00 00 00 00 00 00 00 00 00 00 00 00 00 
0000000100130ad0	00 00 00 00 00 00 00 00 00 00 00 00 00 00 00 00 
0000000100130ae0	00 00 00 00 00 00 00 00 00 00 00 00 00 00 00 00 
0000000100130af0	3e e6 01 00 01 00 00 00 b9 e6 01 00 01 00 00 00 
0000000100130b00	03 e8 01 00 01 00 00 00 00 00 00 00 00 00 00 00 
0000000100130b10	2b e8 01 00 01 00 00 00 79 e8 01 00 01 00 00 00 
0000000100130b20	98 e8 01 00 01 00 00 00 d0 e9 01 00 01 00 00 00 
0000000100130b30	23 ef 01 00 01 00 00 00 33 ef 01 00 01 00 00 00 
0000000100130b40	c8 f1 01 00 01 00 00 00 00 00 00 00 00 00 00 00 
0000000100130b50	00 00 00 00 00 00 00 00 00 00 00 00 00 00 00 00 
0000000100130b60	00 00 00 00 00 00 00 00 00 00 00 00 00 00 00 00 
0000000100130b70	00 00 00 00 00 00 00 00 00 00 00 00 00 00 00 00 
0000000100130b80	00 00 00 00 00 00 00 00 00 00 00 00 00 00 00 00 
0000000100130b90	00 00 00 00 00 00 00 00 00 00 00 00 00 00 00 00 
0000000100130ba0	00 00 00 00 00 00 00 00 00 00 00 00 00 00 00 00 
0000000100130bb0	00 00 00 00 00 00 00 00 00 00 00 00 00 00 00 00 
0000000100130bc0	00 00 00 00 01 00 01 01 00 01 00 00 fe ff ff 7f 
0000000100130bd0	00 00 00 00 b0 04 00 00 66 00 00 00 00 00 02 00 
0000000100130be0	00 00 00 00 00 00 00 00 00 00 00 00 00 00 00 00 
0000000100130bf0	00 00 00 00 00 00 00 00 00 00 00 00 00 00 00 00 
0000000100130c00	00 00 00 00 00 00 00 00 00 00 00 00 00 00 00 00 
0000000100130c10	00 00 00 00 00 00 00 00 00 00 00 00 00 00 00 00 
0000000100130c20	00 00 00 00 00 00 00 00 00 00 00 00 00 00 00 00 
0000000100130c30	00 00 00 00 00 00 00 00 00 00 00 00 00 00 00 00 
0000000100130c40	00 00 00 00 00 00 00 00 00 00 00 00 00 00 00 00 
0000000100130c50	00 00 00 00 00 00 00 00 00 00 00 00 00 00 00 00 
0000000100130c60	00 00 00 00 00 00 00 00 00 00 00 00 00 00 00 00 
0000000100130c70	00 00 00 00 00 00 00 00 00 00 00 00 00 00 00 00 
0000000100130c80	00 00 00 00 00 00 00 00 00 00 00 00 00 00 00 00 
0000000100130c90	00 00 00 00 00 00 00 00 00 00 00 00 00 00 00 00 
0000000100130ca0	00 00 00 00 00 00 00 00 00 00 00 00 00 00 00 00 
0000000100130cb0	00 00 00 00 00 00 00 00 00 00 00 00 00 00 00 00 
0000000100130cc0	00 00 00 00 00 00 00 00 00 00 00 00 00 00 00 00 
0000000100130cd0	00 00 00 00 00 00 00 00 00 00 00 00 00 00 00 00 
0000000100130ce0	00 00 00 00 00 00 00 00 00 00 00 00 00 00 00 00 
0000000100130cf0	00 00 00 40 00 00 00 00 00 00 00 00 00 00 00 00 
0000000100130d00	00 00 00 00 14 00 00 00 00 00 00 00 00 00 00 00 
0000000100130d10	fa 00 00 00 00 00 00 00 00 00 00 00 00 00 00 00 
0000000100130d20	00 00 00 00 00 00 00 00 00 00 00 00 00 00 00 00 
0000000100130d30	00 00 00 00 00 00 00 00 00 00 00 00 00 00 00 00 
0000000100130d40	00 00 00 00 00 00 00 00 00 00 00 00 00 00 00 00 
0000000100130d50	00 00 00 00 00 00 00 00 00 00 00 40 00 00 00 00 
0000000100130d60	00 00 00 00 00 00 00 00 00 00 00 00 fe ff ff 7f 
0000000100130d70	ff ff ff 7f 00 00 00 00 00 00 00 00 00 00 00 00 
0000000100130d80	00 00 00 00 00 00 00 00 00 00 00 00 00 00 00 00 
0000000100130d90	00 00 00 00 00 00 00 00 00 00 00 00 07 00 00 00 
0000000100130da0	03 00 00 00 a0 00 00 00 00 04 00 00 00 00 00 00 
0000000100130db0	00 00 00 00 00 00 00 00 80 b2 11 00 01 00 00 00 
0000000100130dc0	b0 92 12 00 01 00 00 00 e3 ae 02 00 01 00 00 00 
0000000100130dd0	f4 b9 02 00 01 00 00 00 c3 ba 02 00 01 00 00 00 
0000000100130de0	2f bb 02 00 01 00 00 00 00 00 00 00 00 00 00 00 
0000000100130df0	00 00 00 00 00 00 00 00 00 00 00 00 00 00 00 00 
0000000100130e00	00 00 00 00 00 00 00 00 5c c0 02 00 01 00 00 00 
0000000100130e10	03 c1 02 00 01 00 00 00 56 c1 02 00 01 00 00 00 
0000000100130e20	c1 c1 02 00 01 00 00 00 ce c1 02 00 01 00 00 00 
0000000100130e30	2a c2 02 00 01 00 00 00 c2 c2 02 00 01 00 00 00 
0000000100130e40	0f c3 02 00 01 00 00 00 03 00 00 00 a0 00 00 00 
0000000100130e50	00 04 00 00 00 00 00 00 00 00 00 00 00 00 00 00 
0000000100130e60	85 b2 11 00 01 00 00 00 b8 92 12 00 01 00 00 00 
0000000100130e70	e3 ae 02 00 01 00 00 00 f4 b9 02 00 01 00 00 00 
0000000100130e80	c3 ba 02 00 01 00 00 00 2f bb 02 00 01 00 00 00 
0000000100130e90	00 00 00 00 00 00 00 00 00 00 00 00 00 00 00 00 
0000000100130ea0	00 00 00 00 00 00 00 00 00 00 00 00 00 00 00 00 
0000000100130eb0	5c c0 02 00 01 00 00 00 03 c1 02 00 01 00 00 00 
0000000100130ec0	56 c1 02 00 01 00 00 00 c1 c1 02 00 01 00 00 00 
0000000100130ed0	ce c1 02 00 01 00 00 00 2a c2 02 00 01 00 00 00 
0000000100130ee0	c2 c2 02 00 01 00 00 00 0f c3 02 00 01 00 00 00 
0000000100130ef0	03 00 00 00 a0 00 00 00 00 04 00 00 00 00 00 00 
0000000100130f00	00 00 00 00 00 00 00 00 8f b2 11 00 01 00 00 00 
0000000100130f10	c0 92 12 00 01 00 00 00 e3 ae 02 00 01 00 00 00 
0000000100130f20	f4 b9 02 00 01 00 00 00 c3 ba 02 00 01 00 00 00 
0000000100130f30	2f bb 02 00 01 00 00 00 00 00 00 00 00 00 00 00 
0000000100130f40	00 00 00 00 00 00 00 00 00 00 00 00 00 00 00 00 
0000000100130f50	00 00 00 00 00 00 00 00 5c c0 02 00 01 00 00 00 
0000000100130f60	03 c1 02 00 01 00 00 00 56 c1 02 00 01 00 00 00 
0000000100130f70	c1 c1 02 00 01 00 00 00 ce c1 02 00 01 00 00 00 
0000000100130f80	2a c2 02 00 01 00 00 00 c2 c2 02 00 01 00 00 00 
0000000100130f90	0f c3 02 00 01 00 00 00 03 00 00 00 a0 00 00 00 
0000000100130fa0	00 04 00 00 00 00 00 00 00 00 00 00 00 00 00 00 
0000000100130fb0	9c b2 11 00 01 00 00 00 c8 92 12 00 01 00 00 00 
0000000100130fc0	e3 ae 02 00 01 00 00 00 f4 b9 02 00 01 00 00 00 
0000000100130fd0	c3 ba 02 00 01 00 00 00 2f bb 02 00 01 00 00 00 
0000000100130fe0	00 00 00 00 00 00 00 00 00 00 00 00 00 00 00 00 
0000000100130ff0	00 00 00 00 00 00 00 00 00 00 00 00 00 00 00 00 
0000000100131000	5c c0 02 00 01 00 00 00 03 c1 02 00 01 00 00 00 
0000000100131010	56 c1 02 00 01 00 00 00 c1 c1 02 00 01 00 00 00 
0000000100131020	ce c1 02 00 01 00 00 00 2a c2 02 00 01 00 00 00 
0000000100131030	c2 c2 02 00 01 00 00 00 0f c3 02 00 01 00 00 00 
0000000100131040	03 00 00 00 a0 00 00 00 00 04 00 00 00 00 00 00 
0000000100131050	00 00 00 00 00 00 00 00 a6 b2 11 00 01 00 00 00 
0000000100131060	c8 92 12 00 01 00 00 00 e3 ae 02 00 01 00 00 00 
0000000100131070	f4 b9 02 00 01 00 00 00 c3 ba 02 00 01 00 00 00 
0000000100131080	2f bb 02 00 01 00 00 00 00 00 00 00 00 00 00 00 
0000000100131090	00 00 00 00 00 00 00 00 00 00 00 00 00 00 00 00 
00000001001310a0	00 00 00 00 00 00 00 00 5c c0 02 00 01 00 00 00 
00000001001310b0	03 c1 02 00 01 00 00 00 56 c1 02 00 01 00 00 00 
00000001001310c0	c1 c1 02 00 01 00 00 00 ce c1 02 00 01 00 00 00 
00000001001310d0	2a c2 02 00 01 00 00 00 c2 c2 02 00 01 00 00 00 
00000001001310e0	0f c3 02 00 01 00 00 00 03 00 00 00 a0 00 00 00 
00000001001310f0	00 04 00 00 00 00 00 00 00 00 00 00 00 00 00 00 
0000000100131100	b1 b2 11 00 01 00 00 00 d0 92 12 00 01 00 00 00 
0000000100131110	e3 ae 02 00 01 00 00 00 f4 b9 02 00 01 00 00 00 
0000000100131120	c3 ba 02 00 01 00 00 00 2f bb 02 00 01 00 00 00 
0000000100131130	00 00 00 00 00 00 00 00 00 00 00 00 00 00 00 00 
0000000100131140	00 00 00 00 00 00 00 00 00 00 00 00 00 00 00 00 
0000000100131150	5c c0 02 00 01 00 00 00 03 c1 02 00 01 00 00 00 
0000000100131160	56 c1 02 00 01 00 00 00 c1 c1 02 00 01 00 00 00 
0000000100131170	ce c1 02 00 01 00 00 00 2a c2 02 00 01 00 00 00 
0000000100131180	c2 c2 02 00 01 00 00 00 0f c3 02 00 01 00 00 00 
0000000100131190	03 00 00 00 a0 00 00 00 00 04 00 00 00 00 00 00 
00000001001311a0	00 00 00 00 00 00 00 00 bc b2 11 00 01 00 00 00 
00000001001311b0	d8 92 12 00 01 00 00 00 e3 ae 02 00 01 00 00 00 
00000001001311c0	f4 b9 02 00 01 00 00 00 c3 ba 02 00 01 00 00 00 
00000001001311d0	2f bb 02 00 01 00 00 00 00 00 00 00 00 00 00 00 
00000001001311e0	00 00 00 00 00 00 00 00 00 00 00 00 00 00 00 00 
00000001001311f0	00 00 00 00 00 00 00 00 5c c0 02 00 01 00 00 00 
0000000100131200	03 c1 02 00 01 00 00 00 56 c1 02 00 01 00 00 00 
0000000100131210	c1 c1 02 00 01 00 00 00 ce c1 02 00 01 00 00 00 
0000000100131220	2a c2 02 00 01 00 00 00 c2 c2 02 00 01 00 00 00 
0000000100131230	0f c3 02 00 01 00 00 00 03 00 00 00 a0 00 00 00 
0000000100131240	00 04 00 00 00 00 00 00 00 00 00 00 00 00 00 00 
0000000100131250	c5 b2 11 00 01 00 00 00 e0 92 12 00 01 00 00 00 
0000000100131260	e3 ae 02 00 01 00 00 00 f4 b9 02 00 01 00 00 00 
0000000100131270	c3 ba 02 00 01 00 00 00 2f bb 02 00 01 00 00 00 
0000000100131280	00 00 00 00 00 00 00 00 00 00 00 00 00 00 00 00 
0000000100131290	00 00 00 00 00 00 00 00 00 00 00 00 00 00 00 00 
00000001001312a0	5c c0 02 00 01 00 00 00 03 c1 02 00 01 00 00 00 
00000001001312b0	56 c1 02 00 01 00 00 00 c1 c1 02 00 01 00 00 00 
00000001001312c0	ce c1 02 00 01 00 00 00 2a c2 02 00 01 00 00 00 
00000001001312d0	c2 c2 02 00 01 00 00 00 0f c3 02 00 01 00 00 00 
00000001001312e0	03 00 00 00 a0 00 00 00 00 04 00 00 00 00 00 00 
00000001001312f0	00 00 00 00 00 00 00 00 ce b2 11 00 01 00 00 00 
0000000100131300	e8 92 12 00 01 00 00 00 e3 ae 02 00 01 00 00 00 
0000000100131310	f4 b9 02 00 01 00 00 00 c3 ba 02 00 01 00 00 00 
0000000100131320	2f bb 02 00 01 00 00 00 00 00 00 00 00 00 00 00 
0000000100131330	00 00 00 00 00 00 00 00 00 00 00 00 00 00 00 00 
0000000100131340	00 00 00 00 00 00 00 00 5c c0 02 00 01 00 00 00 
0000000100131350	03 c1 02 00 01 00 00 00 56 c1 02 00 01 00 00 00 
0000000100131360	c1 c1 02 00 01 00 00 00 ce c1 02 00 01 00 00 00 
0000000100131370	2a c2 02 00 01 00 00 00 c2 c2 02 00 01 00 00 00 
0000000100131380	0f c3 02 00 01 00 00 00 00 00 00 40 00 00 00 00 
0000000100131390	00 00 00 00 00 00 00 00 35 1a 10 00 01 00 00 00 
00000001001313a0	35 1a 10 00 01 00 00 00 a6 1a 10 00 01 00 00 00 
00000001001313b0	ae 1a 10 00 01 00 00 00 ae 1a 10 00 01 00 00 00 
00000001001313c0	bb 1a 10 00 01 00 00 00 f4 1a 10 00 01 00 00 00 
00000001001313d0	01 1b 10 00 01 00 00 00 10 1b 10 00 01 00 00 00 
00000001001313e0	1b 1b 10 00 01 00 00 00 32 1b 10 00 01 00 00 00 
00000001001313f0	70 1b 10 00 01 00 00 00 00 00 00 00 00 00 00 00 
0000000100131400	00 00 00 00 00 00 00 00 00 00 00 00 00 00 00 00 
0000000100131410	00 00 00 00 00 00 00 00 00 00 00 00 00 00 00 00 
0000000100131420	00 00 00 00 00 00 00 00 00 00 00 00 00 00 00 00 
0000000100131430	00 00 00 00 00 00 00 00 00 00 00 00 00 00 00 00 
0000000100131440	00 00 00 00 00 00 00 00 00 00 00 00 00 00 00 00 
0000000100131450	00 04 00 00 00 00 00 00 00 00 00 00 00 00 00 00 
0000000100131460	00 00 00 00 00 00 00 00 7a 4b 10 00 01 00 00 00 
0000000100131470	d3 4b 10 00 01 00 00 00 b6 4c 10 00 01 00 00 00 
0000000100131480	00 00 00 00 00 00 00 00 c3 4c 10 00 01 00 00 00 
0000000100131490	08 4d 10 00 01 00 00 00 15 4d 10 00 01 00 00 00 
00000001001314a0	3c 4e 10 00 01 00 00 00 48 4e 10 00 01 00 00 00 
00000001001314b0	5b 4e 10 00 01 00 00 00 8c 4f 10 00 01 00 00 00 
00000001001314c0	00 00 00 00 00 00 00 00 00 00 00 00 00 00 00 00 
00000001001314d0	00 00 00 00 00 00 00 00 00 00 00 00 00 00 00 00 
00000001001314e0	00 00 00 00 00 00 00 00 00 00 00 00 00 00 00 00 
00000001001314f0	00 00 00 00 00 00 00 00 00 00 00 00 00 00 00 00 
0000000100131500	00 00 00 00 00 00 00 00 00 00 00 00 00 00 00 00 
0000000100131510	00 00 00 00 00 00 00 00 00 00 00 00 00 00 00 00 
0000000100131520	9b 4f 10 00 01 00 00 00 a5 4f 10 00 01 00 00 00 
0000000100131530	59 59 10 00 01 00 00 00 6f 59 10 00 01 00 00 00 
0000000100131540	6f 59 10 00 01 00 00 00 9b 59 10 00 01 00 00 00 
0000000100131550	6b 5a 10 00 01 00 00 00 db 5a 10 00 01 00 00 00 
0000000100131560	24 5b 10 00 01 00 00 00 b4 5c 10 00 01 00 00 00 
0000000100131570	c5 5c 10 00 01 00 00 00 07 5d 10 00 01 00 00 00 
0000000100131580	00 00 00 00 00 00 00 00 00 00 00 00 00 00 00 00 
0000000100131590	00 00 00 00 00 00 00 00 00 00 00 00 00 00 00 00 
00000001001315a0	00 00 00 00 00 00 00 00 00 00 00 00 00 00 00 00 
00000001001315b0	00 00 00 00 00 00 00 00 00 00 00 00 00 00 00 00 
00000001001315c0	00 00 00 00 00 00 00 00 00 00 00 00 00 00 00 00 
00000001001315d0	00 00 00 00 00 00 00 00 00 00 00 00 00 00 00 00 
00000001001315e0	00 00 00 00 00 00 00 00 00 00 00 00 00 00 00 00 
00000001001315f0	00 00 00 00 00 00 00 00 00 00 00 00 00 00 00 00 
0000000100131600	00 00 00 00 00 00 00 00 02 00 00 00 00 00 00 00 
0000000100131610	00 00 00 00 00 00 00 00 00 00 00 00 00 00 00 00 
0000000100131620	00 00 00 00 00 00 00 00 00 00 00 00 00 00 00 00 
0000000100131630	00 00 00 00 00 00 00 00 00 00 00 00 00 00 00 00 
0000000100131640	00 00 00 00 00 00 00 00 03 00 00 00 00 00 00 00 
0000000100131650	00 00 00 00 00 00 00 00 00 00 00 00 00 00 00 00 
0000000100131660	00 00 00 00 00 00 00 00 00 00 00 00 00 00 00 00 
0000000100131670	00 00 00 00 00 00 00 00 00 00 00 00 00 00 00 00 
0000000100131680	00 00 00 00 00 00 00 00 04 00 00 00 00 00 00 00 
0000000100131690	00 00 00 00 00 00 00 00 00 00 00 00 00 00 00 00 
00000001001316a0	00 00 00 00 00 00 00 00 00 00 00 00 00 00 00 00 
00000001001316b0	00 00 00 00 00 00 00 00 00 00 00 00 00 00 00 00 
00000001001316c0	00 00 00 00 00 00 00 00 05 00 00 00 00 00 00 00 
00000001001316d0	00 00 00 00 00 00 00 00 00 00 00 00 00 00 00 00 
00000001001316e0	00 00 00 00 00 00 00 00 00 00 00 00 00 00 00 00 
00000001001316f0	00 00 00 00 00 00 00 00 00 00 00 00 00 00 00 00 
0000000100131700	00 00 00 00 00 00 00 00 06 00 00 00 00 00 00 00 
0000000100131710	00 00 00 00 00 00 00 00 00 00 00 00 00 00 00 00 
0000000100131720	00 00 00 00 00 00 00 00 00 00 00 00 00 00 00 00 
0000000100131730	00 00 00 00 00 00 00 00 00 00 00 00 00 00 00 00 
0000000100131740	00 00 00 00 00 00 00 00 07 00 00 00 00 00 00 00 
0000000100131750	00 00 00 00 00 00 00 00 00 00 00 00 00 00 00 00 
0000000100131760	00 00 00 00 00 00 00 00 00 00 00 00 00 00 00 00 
0000000100131770	00 00 00 00 00 00 00 00 00 00 00 00 00 00 00 00 
0000000100131780	00 00 00 00 00 00 00 00 08 00 00 00 00 00 00 00 
0000000100131790	00 00 00 00 00 00 00 00 00 00 00 00 00 00 00 00 
00000001001317a0	00 00 00 00 00 00 00 00 00 00 00 00 00 00 00 00 
00000001001317b0	00 00 00 00 00 00 00 00 00 00 00 00 00 00 00 00 
00000001001317c0	00 00 00 00 00 00 00 00 09 00 00 00 00 00 00 00 
00000001001317d0	00 00 00 00 00 00 00 00 00 00 00 00 00 00 00 00 
00000001001317e0	00 00 00 00 00 00 00 00 00 00 00 00 00 00 00 00 
00000001001317f0	00 00 00 00 00 00 00 00 00 00 00 00 00 00 00 00 
0000000100131800	00 00 00 00 00 00 00 00 0a 00 00 00 00 00 00 00 
0000000100131810	00 00 00 00 00 00 00 00 00 00 00 00 00 00 00 00 
0000000100131820	00 00 00 00 00 00 00 00 00 00 00 00 00 00 00 00 
0000000100131830	00 00 00 00 00 00 00 00 00 00 00 00 00 00 00 00 
0000000100131840	00 00 00 00 00 00 00 00 0b 00 00 00 00 00 00 00 
0000000100131850	00 00 00 00 00 00 00 00 00 00 00 00 00 00 00 00 
0000000100131860	00 00 00 00 00 00 00 00 00 00 00 00 00 00 00 00 
0000000100131870	00 00 00 00 00 00 00 00 00 00 00 00 00 00 00 00 
0000000100131880	00 00 00 00 00 00 00 00 0c 00 00 00 00 00 00 00 
0000000100131890	00 00 00 00 00 00 00 00 00 00 00 00 00 00 00 00 
00000001001318a0	00 00 00 00 00 00 00 00 00 00 00 00 00 00 00 00 
00000001001318b0	00 00 00 00 00 00 00 00 00 00 00 00 00 00 00 00 
00000001001318c0	00 00 00 00 00 00 00 00 0d 00 00 00 00 00 00 00 
00000001001318d0	00 00 00 00 00 00 00 00 00 00 00 00 00 00 00 00 
00000001001318e0	00 00 00 00 00 00 00 00 00 00 00 00 00 00 00 00 
00000001001318f0	00 00 00 00 00 00 00 00 00 00 00 00 00 00 00 00 
0000000100131900	02 00 00 00 00 00 00 00 00 00 00 00 00 00 00 00 
0000000100131910	03 00 00 00 00 00 00 00 00 00 00 00 00 00 00 00 
0000000100131920	04 00 00 00 00 00 00 00 00 00 00 00 00 00 00 00 
0000000100131930	05 00 00 00 00 00 00 00 00 00 00 00 00 00 00 00 
0000000100131940	06 00 00 00 00 00 00 00 00 00 00 00 00 00 00 00 
0000000100131950	07 00 00 00 00 00 00 00 00 00 00 00 00 00 00 00 
0000000100131960	08 00 00 00 00 00 00 00 00 00 00 00 00 00 00 00 
0000000100131970	09 00 00 00 00 00 00 00 00 00 00 00 00 00 00 00 
0000000100131980	0a 00 00 00 00 00 00 00 00 00 00 00 00 00 00 00 
0000000100131990	0b 00 00 00 00 00 00 00 00 00 00 00 00 00 00 00 
00000001001319a0	0c 00 00 00 00 00 00 00 00 00 00 00 00 00 00 00 
00000001001319b0	0d 00 00 00 00 00 00 00 00 00 00 00 00 00 00 00 
00000001001319c0	10 b8 11 00 01 00 00 00 ba 79 04 00 01 00 00 00 
00000001001319d0	00 00 00 00 00 00 00 00 e9 36 11 00 01 00 00 00 
00000001001319e0	cc 79 04 00 01 00 00 00 00 00 00 00 00 00 00 00 
00000001001319f0	1b b8 11 00 01 00 00 00 00 00 00 00 00 00 00 00 
0000000100131a00	00 00 00 00 00 00 00 00 22 b8 11 00 01 00 00 00 
0000000100131a10	00 00 00 00 00 00 00 00 00 00 00 00 00 00 00 00 
0000000100131a20	29 b8 11 00 01 00 00 00 00 00 00 00 00 00 00 00 
0000000100131a30	00 00 00 00 00 00 00 00 2e b8 11 00 01 00 00 00 
0000000100131a40	00 00 00 00 00 00 00 00 00 00 00 00 00 00 00 00 
0000000100131a50	34 b8 11 00 01 00 00 00 00 00 00 00 00 00 00 00 
0000000100131a60	00 00 00 00 00 00 00 00 3e b8 11 00 01 00 00 00 
0000000100131a70	00 00 00 00 00 00 00 00 00 00 00 00 00 00 00 00 
0000000100131a80	44 b8 11 00 01 00 00 00 00 00 00 00 00 00 00 00 
0000000100131a90	00 00 00 00 00 00 00 00 49 b8 11 00 01 00 00 00 
0000000100131aa0	00 00 00 00 00 00 00 00 00 00 00 00 00 00 00 00 
0000000100131ab0	4f b8 11 00 01 00 00 00 00 00 00 00 00 00 00 00 
0000000100131ac0	00 00 00 00 00 00 00 00 57 b8 11 00 01 00 00 00 
0000000100131ad0	ed 79 04 00 01 00 00 00 00 00 00 00 00 00 00 00 
0000000100131ae0	5d b8 11 00 01 00 00 00 1a 7a 04 00 01 00 00 00 
0000000100131af0	00 00 00 00 00 00 00 00 64 b8 11 00 01 00 00 00 
0000000100131b00	00 00 00 00 00 00 00 00 00 00 00 00 00 00 00 00 
0000000100131b10	6d b8 11 00 01 00 00 00 00 00 00 00 00 00 00 00 
0000000100131b20	00 00 00 00 00 00 00 00 74 b8 11 00 01 00 00 00 
0000000100131b30	00 00 00 00 00 00 00 00 00 00 00 00 00 00 00 00 
0000000100131b40	7e b8 11 00 01 00 00 00 00 00 00 00 00 00 00 00 
0000000100131b50	00 00 00 00 00 00 00 00 85 b8 11 00 01 00 00 00 
0000000100131b60	4d 7a 04 00 01 00 00 00 00 00 00 00 00 00 00 00 
0000000100131b70	93 b8 11 00 01 00 00 00 00 00 00 00 00 00 00 00 
0000000100131b80	00 00 00 00 00 00 00 00 99 b8 11 00 01 00 00 00 
0000000100131b90	00 00 00 00 00 00 00 00 00 00 00 00 00 00 00 00 
0000000100131ba0	9f b8 11 00 01 00 00 00 00 00 00 00 00 00 00 00 
0000000100131bb0	00 00 00 00 00 00 00 00 a6 b8 11 00 01 00 00 00 
0000000100131bc0	00 00 00 00 00 00 00 00 00 00 00 00 00 00 00 00 
0000000100131bd0	ae b8 11 00 01 00 00 00 00 00 00 00 00 00 00 00 
0000000100131be0	00 00 00 00 00 00 00 00 b3 b8 11 00 01 00 00 00 
0000000100131bf0	00 00 00 00 00 00 00 00 00 00 00 00 00 00 00 00 
0000000100131c00	ba b8 11 00 01 00 00 00 00 00 00 00 00 00 00 00 
0000000100131c10	00 00 00 00 00 00 00 00 c1 b8 11 00 01 00 00 00 
0000000100131c20	7f 7b 04 00 01 00 00 00 00 00 00 00 00 00 00 00 
0000000100131c30	cd b8 11 00 01 00 00 00 00 00 00 00 00 00 00 00 
0000000100131c40	00 00 00 00 00 00 00 00 d6 b8 11 00 01 00 00 00 
0000000100131c50	00 00 00 00 00 00 00 00 00 00 00 00 00 00 00 00 
0000000100131c60	dc b8 11 00 01 00 00 00 00 00 00 00 00 00 00 00 
0000000100131c70	00 00 00 00 00 00 00 00 ad de e2 ad bf 4d fd 08 
0000000100131c80	00 00 00 00 00 00 00 00 00 00 00 00 00 00 00 00 
0000000100131c90	00 00 00 00 00 00 00 00 5e bc 11 00 01 00 00 00 
0000000100131ca0	67 bc 11 00 01 00 00 00 70 bc 11 00 01 00 00 00 
0000000100131cb0	72 b2 11 00 01 00 00 00 00 00 00 00 00 00 00 00 
0000000100131cc0	7e cd 11 00 01 00 00 00 79 cd 11 00 01 00 00 00 
0000000100131cd0	6b cd 11 00 01 00 00 00 b3 1a 11 00 01 00 00 00 
0000000100131ce0	6f cd 11 00 01 00 00 00 74 cd 11 00 01 00 00 00 
0000000100131cf0	02 00 00 00 01 48 c4 00 01 00 00 00 00 00 00 00 
0000000100131d00	00 00 00 00 00 00 00 00 06 e7 0b 00 01 00 00 00 
0000000100131d10	00 00 00 00 00 00 00 00 00 00 00 00 00 00 00 00 
0000000100131d20	00 00 00 00 00 00 00 00 48 13 12 00 01 00 00 00 
0000000100131d30	00 00 00 00 00 00 00 00 02 00 00 00 01 48 c4 00 
0000000100131d40	03 00 00 00 00 00 00 00 00 00 00 00 00 00 00 00 
0000000100131d50	06 e7 0b 00 01 00 00 00 00 00 00 00 00 00 00 00 
0000000100131d60	00 00 00 00 00 00 00 00 00 00 00 00 00 00 00 00 
0000000100131d70	5c 13 12 00 01 00 00 00 00 00 00 00 00 00 00 00 
0000000100131d80	02 00 00 00 01 48 c4 00 02 00 00 00 00 00 00 00 
0000000100131d90	00 00 00 00 00 00 00 00 06 e7 0b 00 01 00 00 00 
0000000100131da0	00 00 00 00 00 00 00 00 00 00 00 00 00 00 00 00 
0000000100131db0	00 00 00 00 00 00 00 00 69 13 12 00 01 00 00 00 
0000000100131dc0	00 00 00 00 00 00 00 00 01 00 00 00 01 48 c4 00 
0000000100131dd0	04 00 00 00 00 00 00 00 00 00 00 00 00 00 00 00 
0000000100131de0	06 e7 0b 00 01 00 00 00 00 00 00 00 00 00 00 00 
0000000100131df0	00 00 00 00 00 00 00 00 00 00 00 00 00 00 00 00 
0000000100131e00	7b 13 12 00 01 00 00 00 00 00 00 00 00 00 00 00 
0000000100131e10	01 00 00 00 01 20 80 00 00 00 00 00 00 00 00 00 
0000000100131e20	00 00 00 00 00 00 00 00 24 e7 0b 00 01 00 00 00 
0000000100131e30	00 00 00 00 00 00 00 00 00 00 00 00 00 00 00 00 
0000000100131e40	00 00 00 00 00 00 00 00 84 13 12 00 01 00 00 00 
0000000100131e50	00 00 00 00 00 00 00 00 01 00 00 00 01 20 80 00 
0000000100131e60	00 00 00 00 00 00 00 00 00 00 00 00 00 00 00 00 
0000000100131e70	6e e7 0b 00 01 00 00 00 00 00 00 00 00 00 00 00 
0000000100131e80	00 00 00 00 00 00 00 00 00 00 00 00 00 00 00 00 
0000000100131e90	9e 13 12 00 01 00 00 00 00 00 00 00 00 00 00 00 
0000000100131ea0	01 00 00 00 01 0c c0 00 63 00 00 00 00 00 00 00 
0000000100131eb0	00 00 00 00 00 00 00 00 06 e7 0b 00 01 00 00 00 
0000000100131ec0	00 00 00 00 00 00 00 00 00 00 00 00 00 00 00 00 
0000000100131ed0	00 00 00 00 00 00 00 00 b7 13 12 00 01 00 00 00 
0000000100131ee0	00 00 00 00 00 00 00 00 02 00 00 00 01 0c c0 00 
0000000100131ef0	63 00 00 00 00 00 00 00 00 00 00 00 00 00 00 00 
0000000100131f00	06 e7 0b 00 01 00 00 00 00 00 00 00 00 00 00 00 
0000000100131f10	00 00 00 00 00 00 00 00 00 00 00 00 00 00 00 00 
0000000100131f20	c0 13 12 00 01 00 00 00 00 00 00 00 00 00 00 00 
0000000100131f30	01 00 00 00 01 0c c0 00 63 00 00 00 00 00 00 00 
0000000100131f40	00 00 00 00 00 00 00 00 06 e7 0b 00 01 00 00 00 
0000000100131f50	00 00 00 00 00 00 00 00 00 00 00 00 00 00 00 00 
0000000100131f60	00 00 00 00 00 00 00 00 cb 13 12 00 01 00 00 00 
0000000100131f70	00 00 00 00 00 00 00 00 01 00 00 00 01 08 80 00 
0000000100131f80	01 00 00 00 00 00 00 00 00 00 00 00 00 00 00 00 
0000000100131f90	b0 e7 0b 00 01 00 00 00 00 00 00 00 00 00 00 00 
0000000100131fa0	00 00 00 00 00 00 00 00 00 00 00 00 00 00 00 00 
0000000100131fb0	d2 13 12 00 01 00 00 00 00 00 00 00 00 00 00 00 
0000000100131fc0	02 00 00 00 01 08 80 00 01 00 00 00 00 00 00 00 
0000000100131fd0	00 00 00 00 00 00 00 00 b0 e7 0b 00 01 00 00 00 
0000000100131fe0	00 00 00 00 00 00 00 00 00 00 00 00 00 00 00 00 
0000000100131ff0	00 00 00 00 00 00 00 00 d2 13 12 00 01 00 00 00 
0000000100132000	00 00 00 00 00 00 00 00 01 00 00 00 01 08 80 00 
0000000100132010	02 00 00 00 00 00 00 00 00 00 00 00 00 00 00 00 
0000000100132020	b0 e7 0b 00 01 00 00 00 00 00 00 00 00 00 00 00 
0000000100132030	00 00 00 00 00 00 00 00 00 00 00 00 00 00 00 00 
0000000100132040	d8 13 12 00 01 00 00 00 00 00 00 00 00 00 00 00 
0000000100132050	02 00 00 00 01 08 80 00 02 00 00 00 00 00 00 00 
0000000100132060	00 00 00 00 00 00 00 00 b0 e7 0b 00 01 00 00 00 
0000000100132070	00 00 00 00 00 00 00 00 00 00 00 00 00 00 00 00 
0000000100132080	00 00 00 00 00 00 00 00 d8 13 12 00 01 00 00 00 
0000000100132090	00 00 00 00 00 00 00 00 01 00 00 00 01 08 80 00 
00000001001320a0	03 00 00 00 00 00 00 00 00 00 00 00 00 00 00 00 
00000001001320b0	b0 e7 0b 00 01 00 00 00 00 00 00 00 00 00 00 00 
00000001001320c0	00 00 00 00 00 00 00 00 00 00 00 00 00 00 00 00 
00000001001320d0	de 13 12 00 01 00 00 00 00 00 00 00 00 00 00 00 
00000001001320e0	02 00 00 00 01 08 80 00 03 00 00 00 00 00 00 00 
00000001001320f0	00 00 00 00 00 00 00 00 b0 e7 0b 00 01 00 00 00 
0000000100132100	00 00 00 00 00 00 00 00 00 00 00 00 00 00 00 00 
0000000100132110	00 00 00 00 00 00 00 00 de 13 12 00 01 00 00 00 
0000000100132120	00 00 00 00 00 00 00 00 ff 00 00 00 21 08 80 00 
0000000100132130	00 00 00 00 00 00 00 00 00 00 00 00 00 00 00 00 
0000000100132140	31 ea 0b 00 01 00 00 00 00 00 00 00 00 00 00 00 
0000000100132150	00 00 00 00 00 00 00 00 00 00 00 00 00 00 00 00 
0000000100132160	1a f8 11 00 01 00 00 00 00 00 00 00 00 00 00 00 
0000000100132170	00 00 00 00 21 08 80 00 00 00 00 00 00 00 00 00 
0000000100132180	00 00 00 00 00 00 00 00 00 00 00 00 00 00 00 00 
0000000100132190	00 00 00 00 00 00 00 00 00 00 00 00 00 00 00 00 
00000001001321a0	00 00 00 00 00 00 00 00 1a f8 11 00 01 00 00 00 
00000001001321b0	00 00 00 00 00 00 00 00 01 00 00 00 21 10 80 08 
00000001001321c0	00 00 00 00 00 00 00 00 00 00 00 00 00 00 00 00 
00000001001321d0	0d eb 0b 00 01 00 00 00 d8 eb 0b 00 01 00 00 00 
00000001001321e0	e4 eb 0b 00 01 00 00 00 00 00 00 00 00 00 00 00 
00000001001321f0	1a f8 11 00 01 00 00 00 00 00 00 00 00 00 00 00 
0000000100132200	ff 00 00 00 21 08 80 00 01 00 00 00 00 00 00 00 
0000000100132210	00 00 00 00 00 00 00 00 31 ea 0b 00 01 00 00 00 
0000000100132220	00 00 00 00 00 00 00 00 00 00 00 00 00 00 00 00 
0000000100132230	00 00 00 00 00 00 00 00 1e f8 11 00 01 00 00 00 
0000000100132240	00 00 00 00 00 00 00 00 00 00 00 00 21 08 80 00 
0000000100132250	01 00 00 00 00 00 00 00 00 00 00 00 00 00 00 00 
0000000100132260	00 00 00 00 00 00 00 00 00 00 00 00 00 00 00 00 
0000000100132270	00 00 00 00 00 00 00 00 00 00 00 00 00 00 00 00 
0000000100132280	1e f8 11 00 01 00 00 00 00 00 00 00 00 00 00 00 
0000000100132290	01 00 00 00 21 10 80 08 01 00 00 00 00 00 00 00 
00000001001322a0	00 00 00 00 00 00 00 00 0d eb 0b 00 01 00 00 00 
00000001001322b0	d8 eb 0b 00 01 00 00 00 e4 eb 0b 00 01 00 00 00 
00000001001322c0	00 00 00 00 00 00 00 00 1e f8 11 00 01 00 00 00 
00000001001322d0	00 00 00 00 00 00 00 00 01 00 00 00 81 08 80 00 
00000001001322e0	00 00 00 00 00 00 00 00 00 00 00 00 00 00 00 00 
00000001001322f0	f3 eb 0b 00 01 00 00 00 00 00 00 00 00 00 00 00 
0000000100132300	00 00 00 00 00 00 00 00 00 00 00 00 00 00 00 00 
0000000100132310	e3 13 12 00 01 00 00 00 00 00 00 00 00 00 00 00 
0000000100132320	01 00 00 00 41 08 80 00 00 00 00 00 00 00 00 00 
0000000100132330	00 00 00 00 00 00 00 00 2b ec 0b 00 01 00 00 00 
0000000100132340	00 00 00 00 00 00 00 00 00 00 00 00 00 00 00 00 
0000000100132350	00 00 00 00 00 00 00 00 d6 44 11 00 01 00 00 00 
0000000100132360	00 00 00 00 00 00 00 00 02 00 00 00 01 08 80 00 
0000000100132370	00 00 00 00 00 00 00 00 00 00 00 00 00 00 00 00 
0000000100132380	e4 ec 0b 00 01 00 00 00 00 00 00 00 00 00 00 00 
0000000100132390	00 00 00 00 00 00 00 00 00 00 00 00 00 00 00 00 
00000001001323a0	f1 13 12 00 01 00 00 00 00 00 00 00 00 00 00 00 
00000001001323b0	ff 00 00 00 01 08 80 00 00 00 00 00 00 00 00 00 
00000001001323c0	00 00 00 00 00 00 00 00 8f ef 0b 00 01 00 00 00 
00000001001323d0	00 00 00 00 00 00 00 00 00 00 00 00 00 00 00 00 
00000001001323e0	00 00 00 00 00 00 00 00 f7 13 12 00 01 00 00 00 
00000001001323f0	00 00 00 00 00 00 00 00 01 00 00 00 01 08 80 00 
0000000100132400	00 00 00 00 00 00 00 00 00 00 00 00 00 00 00 00 
0000000100132410	42 f0 0b 00 01 00 00 00 00 00 00 00 00 00 00 00 
0000000100132420	00 00 00 00 00 00 00 00 00 00 00 00 00 00 00 00 
0000000100132430	fe 13 12 00 01 00 00 00 00 00 00 00 00 00 00 00 
0000000100132440	ff 00 00 00 01 08 80 00 00 00 00 00 00 00 00 00 
0000000100132450	00 00 00 00 00 00 00 00 96 f0 0b 00 01 00 00 00 
0000000100132460	00 00 00 00 00 00 00 00 00 00 00 00 00 00 00 00 
0000000100132470	00 00 00 00 00 00 00 00 06 14 12 00 01 00 00 00 
0000000100132480	00 00 00 00 00 00 00 00 01 00 00 00 01 08 80 00 
0000000100132490	00 00 00 00 00 00 00 00 00 00 00 00 00 00 00 00 
00000001001324a0	df f1 0b 00 01 00 00 00 00 00 00 00 00 00 00 00 
00000001001324b0	00 00 00 00 00 00 00 00 00 00 00 00 00 00 00 00 
00000001001324c0	0b 14 12 00 01 00 00 00 00 00 00 00 00 00 00 00 
00000001001324d0	01 00 00 00 01 08 80 00 00 00 00 00 00 00 00 00 
00000001001324e0	00 00 00 00 00 00 00 00 fc f2 0b 00 01 00 00 00 
00000001001324f0	00 00 00 00 00 00 00 00 00 00 00 00 00 00 00 00 
0000000100132500	00 00 00 00 00 00 00 00 0f 14 12 00 01 00 00 00 
0000000100132510	00 00 00 00 00 00 00 00 02 00 00 00 01 08 80 00 
0000000100132520	00 00 00 00 00 00 00 00 00 00 00 00 00 00 00 00 
0000000100132530	fc f2 0b 00 01 00 00 00 00 00 00 00 00 00 00 00 
0000000100132540	00 00 00 00 00 00 00 00 00 00 00 00 00 00 00 00 
0000000100132550	0f 14 12 00 01 00 00 00 00 00 00 00 00 00 00 00 
0000000100132560	01 00 00 00 01 08 80 00 00 00 00 00 00 00 00 00 
0000000100132570	00 00 00 00 00 00 00 00 51 f4 0b 00 01 00 00 00 
0000000100132580	00 00 00 00 00 00 00 00 00 00 00 00 00 00 00 00 
0000000100132590	00 00 00 00 00 00 00 00 15 14 12 00 01 00 00 00 
00000001001325a0	00 00 00 00 00 00 00 00 01 00 00 00 01 08 80 00 
00000001001325b0	00 00 00 00 00 00 00 00 00 00 00 00 00 00 00 00 
00000001001325c0	f1 f4 0b 00 01 00 00 00 00 00 00 00 00 00 00 00 
00000001001325d0	00 00 00 00 00 00 00 00 00 00 00 00 00 00 00 00 
00000001001325e0	1b 14 12 00 01 00 00 00 00 00 00 00 00 00 00 00 
00000001001325f0	01 00 00 00 01 08 80 00 00 00 00 00 00 00 00 00 
0000000100132600	00 00 00 00 00 00 00 00 89 f5 0b 00 01 00 00 00 
0000000100132610	00 00 00 00 00 00 00 00 00 00 00 00 00 00 00 00 
0000000100132620	00 00 00 00 00 00 00 00 21 14 12 00 01 00 00 00 
0000000100132630	00 00 00 00 00 00 00 00 02 00 00 00 01 08 c0 00 
0000000100132640	00 00 00 00 00 00 00 00 00 00 00 00 00 00 00 00 
0000000100132650	06 e7 0b 00 01 00 00 00 00 00 00 00 00 00 00 00 
0000000100132660	00 00 00 00 00 00 00 00 00 00 00 00 00 00 00 00 
0000000100132670	25 14 12 00 01 00 00 00 00 00 00 00 00 00 00 00 
0000000100132680	00 00 00 00 01 00 80 00 00 00 00 00 00 00 00 00 
0000000100132690	00 00 00 00 00 00 00 00 40 f6 0b 00 01 00 00 00 
00000001001326a0	00 00 00 00 00 00 00 00 00 00 00 00 00 00 00 00 
00000001001326b0	00 00 00 00 00 00 00 00 2c 14 12 00 01 00 00 00 
00000001001326c0	00 00 00 00 00 00 00 00 01 00 00 00 01 00 80 00 
00000001001326d0	00 00 00 00 00 00 00 00 00 00 00 00 00 00 00 00 
00000001001326e0	95 f6 0b 00 01 00 00 00 00 00 00 00 00 00 00 00 
00000001001326f0	00 00 00 00 00 00 00 00 00 00 00 00 00 00 00 00 
0000000100132700	33 14 12 00 01 00 00 00 00 00 00 00 00 00 00 00 
0000000100132710	02 00 00 00 21 08 80 00 00 00 00 00 00 00 00 00 
0000000100132720	00 00 00 00 00 00 00 00 fe f6 0b 00 01 00 00 00 
0000000100132730	00 00 00 00 00 00 00 00 00 00 00 00 00 00 00 00 
0000000100132740	00 00 00 00 00 00 00 00 3e 14 12 00 01 00 00 00 
0000000100132750	00 00 00 00 00 00 00 00 00 00 00 00 01 20 80 00 
0000000100132760	00 00 00 00 00 00 00 00 00 00 00 00 00 00 00 00 
0000000100132770	06 e7 0b 00 01 00 00 00 00 00 00 00 00 00 00 00 
0000000100132780	00 00 00 00 00 00 00 00 00 00 00 00 00 00 00 00 
0000000100132790	45 14 12 00 01 00 00 00 00 00 00 00 00 00 00 00 
00000001001327a0	00 00 00 00 01 20 80 00 00 00 00 00 00 00 00 00 
00000001001327b0	00 00 00 00 00 00 00 00 47 f7 0b 00 01 00 00 00 
00000001001327c0	00 00 00 00 00 00 00 00 00 00 00 00 00 00 00 00 
00000001001327d0	00 00 00 00 00 00 00 00 54 14 12 00 01 00 00 00 
00000001001327e0	00 00 00 00 00 00 00 00 02 00 00 00 01 08 80 00 
00000001001327f0	00 00 00 00 00 00 00 00 00 00 00 00 00 00 00 00 
0000000100132800	65 f7 0b 00 01 00 00 00 00 00 00 00 00 00 00 00 
0000000100132810	00 00 00 00 00 00 00 00 00 00 00 00 00 00 00 00 
0000000100132820	65 14 12 00 01 00 00 00 00 00 00 00 00 00 00 00 
0000000100132830	01 00 00 00 01 08 80 00 00 00 00 00 00 00 00 00 
0000000100132840	00 00 00 00 00 00 00 00 a0 f7 0b 00 01 00 00 00 
0000000100132850	00 00 00 00 00 00 00 00 00 00 00 00 00 00 00 00 
0000000100132860	00 00 00 00 00 00 00 00 70 14 12 00 01 00 00 00 
0000000100132870	00 00 00 00 00 00 00 00 00 00 00 00 01 00 80 00 
0000000100132880	00 00 00 00 00 00 00 00 00 00 00 00 00 00 00 00 
0000000100132890	98 fa 0b 00 01 00 00 00 00 00 00 00 00 00 00 00 
00000001001328a0	00 00 00 00 00 00 00 00 00 00 00 00 00 00 00 00 
00000001001328b0	76 14 12 00 01 00 00 00 00 00 00 00 00 00 00 00 
00000001001328c0	00 00 00 00 01 00 80 00 00 00 00 00 00 00 00 00 
00000001001328d0	00 00 00 00 00 00 00 00 d4 fa 0b 00 01 00 00 00 
00000001001328e0	00 00 00 00 00 00 00 00 00 00 00 00 00 00 00 00 
00000001001328f0	00 00 00 00 00 00 00 00 88 14 12 00 01 00 00 00 
0000000100132900	00 00 00 00 00 00 00 00 00 00 00 00 01 00 80 00 
0000000100132910	00 00 00 00 00 00 00 00 00 00 00 00 00 00 00 00 
0000000100132920	10 fb 0b 00 01 00 00 00 00 00 00 00 00 00 00 00 
0000000100132930	00 00 00 00 00 00 00 00 00 00 00 00 00 00 00 00 
0000000100132940	90 14 12 00 01 00 00 00 00 00 00 00 00 00 00 00 
0000000100132950	03 00 00 00 01 08 80 00 00 00 00 00 00 00 00 00 
0000000100132960	00 00 00 00 00 00 00 00 4c fb 0b 00 01 00 00 00 
0000000100132970	00 00 00 00 00 00 00 00 00 00 00 00 00 00 00 00 
0000000100132980	00 00 00 00 00 00 00 00 76 5a 11 00 01 00 00 00 
0000000100132990	00 00 00 00 00 00 00 00 01 00 00 00 01 08 80 00 
00000001001329a0	00 00 00 00 00 00 00 00 00 00 00 00 00 00 00 00 
00000001001329b0	3c fe 0b 00 01 00 00 00 00 00 00 00 00 00 00 00 
00000001001329c0	00 00 00 00 00 00 00 00 00 00 00 00 00 00 00 00 
00000001001329d0	9e 14 12 00 01 00 00 00 00 00 00 00 00 00 00 00 
00000001001329e0	02 00 00 00 01 08 80 00 00 00 00 00 00 00 00 00 
00000001001329f0	00 00 00 00 00 00 00 00 87 fe 0b 00 01 00 00 00 
0000000100132a00	00 00 00 00 00 00 00 00 00 00 00 00 00 00 00 00 
0000000100132a10	00 00 00 00 00 00 00 00 a7 14 12 00 01 00 00 00 
0000000100132a20	00 00 00 00 00 00 00 00 03 00 00 00 01 08 80 00 
0000000100132a30	00 00 00 00 00 00 00 00 00 00 00 00 00 00 00 00 
0000000100132a40	87 fe 0b 00 01 00 00 00 00 00 00 00 00 00 00 00 
0000000100132a50	00 00 00 00 00 00 00 00 00 00 00 00 00 00 00 00 
0000000100132a60	a7 14 12 00 01 00 00 00 00 00 00 00 00 00 00 00 
0000000100132a70	02 00 00 00 01 08 80 00 00 00 00 00 00 00 00 00 
0000000100132a80	00 00 00 00 00 00 00 00 87 fe 0b 00 01 00 00 00 
0000000100132a90	00 00 00 00 00 00 00 00 00 00 00 00 00 00 00 00 
0000000100132aa0	00 00 00 00 00 00 00 00 ae 14 12 00 01 00 00 00 
0000000100132ab0	00 00 00 00 00 00 00 00 03 00 00 00 01 08 80 00 
0000000100132ac0	00 00 00 00 00 00 00 00 00 00 00 00 00 00 00 00 
0000000100132ad0	87 fe 0b 00 01 00 00 00 00 00 00 00 00 00 00 00 
0000000100132ae0	00 00 00 00 00 00 00 00 00 00 00 00 00 00 00 00 
0000000100132af0	ae 14 12 00 01 00 00 00 00 00 00 00 00 00 00 00 
0000000100132b00	01 00 00 00 01 00 80 00 00 00 00 00 00 00 00 00 
0000000100132b10	00 00 00 00 00 00 00 00 dc 00 0c 00 01 00 00 00 
0000000100132b20	a1 01 0c 00 01 00 00 00 a1 01 0c 00 01 00 00 00 
0000000100132b30	74 02 0c 00 01 00 00 00 b8 14 12 00 01 00 00 00 
0000000100132b40	00 00 00 00 00 00 00 00 01 00 00 00 01 00 80 00 
0000000100132b50	00 00 00 00 00 00 00 00 00 00 00 00 00 00 00 00 
0000000100132b60	dc 00 0c 00 01 00 00 00 f4 02 0c 00 01 00 00 00 
0000000100132b70	f4 02 0c 00 01 00 00 00 74 02 0c 00 01 00 00 00 
0000000100132b80	bc 14 12 00 01 00 00 00 00 00 00 00 00 00 00 00 
0000000100132b90	01 00 00 00 01 00 80 00 00 00 00 00 00 00 00 00 
0000000100132ba0	00 00 00 00 00 00 00 00 dc 00 0c 00 01 00 00 00 
0000000100132bb0	60 03 0c 00 01 00 00 00 60 03 0c 00 01 00 00 00 
0000000100132bc0	74 02 0c 00 01 00 00 00 c2 14 12 00 01 00 00 00 
0000000100132bd0	00 00 00 00 00 00 00 00 00 00 00 00 01 01 80 08 
0000000100132be0	00 00 00 00 00 00 00 00 00 00 00 00 00 00 00 00 
0000000100132bf0	d8 03 0c 00 01 00 00 00 25 04 0c 00 01 00 00 00 
0000000100132c00	25 04 0c 00 01 00 00 00 78 04 0c 00 01 00 00 00 
0000000100132c10	c6 14 12 00 01 00 00 00 00 00 00 00 00 00 00 00 
0000000100132c20	01 00 00 00 01 00 80 08 00 00 00 00 00 00 00 00 
0000000100132c30	00 00 00 00 00 00 00 00 d8 03 0c 00 01 00 00 00 
0000000100132c40	25 04 0c 00 01 00 00 00 25 04 0c 00 01 00 00 00 
0000000100132c50	78 04 0c 00 01 00 00 00 c6 14 12 00 01 00 00 00 
0000000100132c60	00 00 00 00 00 00 00 00 01 00 00 00 01 00 80 00 
0000000100132c70	00 00 00 00 00 00 00 00 00 00 00 00 00 00 00 00 
0000000100132c80	c5 04 0c 00 01 00 00 00 ac 06 0c 00 01 00 00 00 
0000000100132c90	f5 06 0c 00 01 00 00 00 a1 07 0c 00 01 00 00 00 
0000000100132ca0	cc 14 12 00 01 00 00 00 00 00 00 00 00 00 00 00 
0000000100132cb0	02 00 00 00 01 00 80 00 00 00 00 00 00 00 00 00 
0000000100132cc0	00 00 00 00 00 00 00 00 c5 04 0c 00 01 00 00 00 
0000000100132cd0	ac 06 0c 00 01 00 00 00 f5 06 0c 00 01 00 00 00 
0000000100132ce0	a1 07 0c 00 01 00 00 00 cc 14 12 00 01 00 00 00 
0000000100132cf0	00 00 00 00 00 00 00 00 02 00 00 00 0d 08 80 00 
0000000100132d00	c8 8e 10 00 01 00 00 00 00 00 00 00 00 00 00 00 
0000000100132d10	d2 be 0b 00 01 00 00 00 00 00 00 00 00 00 00 00 
0000000100132d20	00 00 00 00 00 00 00 00 00 00 00 00 00 00 00 00 
0000000100132d30	af f4 11 00 01 00 00 00 00 00 00 00 00 00 00 00 
0000000100132d40	02 00 00 00 05 08 80 00 cc 8e 10 00 01 00 00 00 
0000000100132d50	00 00 00 00 00 00 00 00 d2 be 0b 00 01 00 00 00 
0000000100132d60	00 00 00 00 00 00 00 00 00 00 00 00 00 00 00 00 
0000000100132d70	00 00 00 00 00 00 00 00 b4 f4 11 00 01 00 00 00 
0000000100132d80	00 00 00 00 00 00 00 00 03 00 00 00 05 08 80 00 
0000000100132d90	cc 8e 10 00 01 00 00 00 00 00 00 00 00 00 00 00 
0000000100132da0	d2 be 0b 00 01 00 00 00 00 00 00 00 00 00 00 00 
0000000100132db0	00 00 00 00 00 00 00 00 00 00 00 00 00 00 00 00 
0000000100132dc0	b4 f4 11 00 01 00 00 00 00 00 00 00 00 00 00 00 
0000000100132dd0	ff 00 00 00 01 08 80 00 00 00 00 00 00 00 00 00 
0000000100132de0	00 00 00 00 00 00 00 00 8e 08 0c 00 01 00 00 00 
0000000100132df0	00 00 00 00 00 00 00 00 00 00 00 00 00 00 00 00 
0000000100132e00	00 00 00 00 00 00 00 00 a3 dd 11 00 01 00 00 00 
0000000100132e10	00 00 00 00 00 00 00 00 01 00 00 00 01 08 80 00 
0000000100132e20	00 00 00 00 00 00 00 00 00 00 00 00 00 00 00 00 
0000000100132e30	00 00 00 00 00 00 00 00 00 00 00 00 00 00 00 00 
0000000100132e40	00 00 00 00 00 00 00 00 00 00 00 00 00 00 00 00 
0000000100132e50	d9 14 12 00 01 00 00 00 00 00 00 00 00 00 00 00 
0000000100132e60	00 00 00 00 01 08 80 00 00 00 00 00 00 00 00 00 
0000000100132e70	00 00 00 00 00 00 00 00 00 00 00 00 00 00 00 00 
0000000100132e80	00 00 00 00 00 00 00 00 00 00 00 00 00 00 00 00 
0000000100132e90	00 00 00 00 00 00 00 00 d9 14 12 00 01 00 00 00 
0000000100132ea0	00 00 00 00 00 00 00 00 01 00 00 00 01 08 80 00 
0000000100132eb0	00 00 00 00 00 00 00 00 00 00 00 00 00 00 00 00 
0000000100132ec0	94 08 0c 00 01 00 00 00 00 00 00 00 00 00 00 00 
0000000100132ed0	00 00 00 00 00 00 00 00 00 00 00 00 00 00 00 00 
0000000100132ee0	e2 14 12 00 01 00 00 00 00 00 00 00 00 00 00 00 
0000000100132ef0	ff 00 00 00 01 08 c0 00 00 00 00 00 00 00 00 00 
0000000100132f00	00 00 00 00 00 00 00 00 06 e7 0b 00 01 00 00 00 
0000000100132f10	00 00 00 00 00 00 00 00 00 00 00 00 00 00 00 00 
0000000100132f20	00 00 00 00 00 00 00 00 d9 14 12 00 01 00 00 00 
0000000100132f30	00 00 00 00 00 00 00 00 03 00 00 00 01 08 c0 00 
0000000100132f40	05 00 00 00 00 00 00 00 00 00 00 00 00 00 00 00 
0000000100132f50	06 e7 0b 00 01 00 00 00 00 00 00 00 00 00 00 00 
0000000100132f60	00 00 00 00 00 00 00 00 00 00 00 00 00 00 00 00 
0000000100132f70	e7 14 12 00 01 00 00 00 00 00 00 00 00 00 00 00 
0000000100132f80	09 00 00 00 01 08 84 00 00 00 00 00 00 00 00 00 
0000000100132f90	00 00 00 00 00 00 00 00 90 0a 0c 00 01 00 00 00 
0000000100132fa0	00 00 00 00 00 00 00 00 00 00 00 00 00 00 00 00 
0000000100132fb0	00 00 00 00 00 00 00 00 08 15 12 00 01 00 00 00 
0000000100132fc0	00 00 00 00 00 00 00 00 07 00 00 00 01 08 84 00 
0000000100132fd0	00 00 00 00 00 00 00 00 00 00 00 00 00 00 00 00 
0000000100132fe0	e1 11 0c 00 01 00 00 00 00 00 00 00 00 00 00 00 
0000000100132ff0	00 00 00 00 00 00 00 00 00 00 00 00 00 00 00 00 
0000000100133000	1d 15 12 00 01 00 00 00 00 00 00 00 00 00 00 00 
0000000100133010	07 00 00 00 01 08 84 00 00 00 00 00 00 00 00 00 
0000000100133020	00 00 00 00 00 00 00 00 d9 17 0c 00 01 00 00 00 
0000000100133030	00 00 00 00 00 00 00 00 00 00 00 00 00 00 00 00 
0000000100133040	00 00 00 00 00 00 00 00 31 15 12 00 01 00 00 00 
0000000100133050	00 00 00 00 00 00 00 00 03 00 00 00 01 08 84 00 
0000000100133060	00 00 00 00 00 00 00 00 00 00 00 00 00 00 00 00 
0000000100133070	0b 1a 0c 00 01 00 00 00 00 00 00 00 00 00 00 00 
0000000100133080	00 00 00 00 00 00 00 00 00 00 00 00 00 00 00 00 
0000000100133090	44 15 12 00 01 00 00 00 00 00 00 00 00 00 00 00 
00000001001330a0	02 00 00 00 01 08 84 00 00 00 00 00 00 00 00 00 
00000001001330b0	00 00 00 00 00 00 00 00 eb 1b 0c 00 01 00 00 00 
00000001001330c0	00 00 00 00 00 00 00 00 00 00 00 00 00 00 00 00 
00000001001330d0	00 00 00 00 00 00 00 00 57 15 12 00 01 00 00 00 
00000001001330e0	00 00 00 00 00 00 00 00 00 00 00 00 00 00 00 00 
00000001001330f0	00 00 00 00 01 00 81 00 00 00 00 00 00 00 00 00 
0000000100133100	00 00 00 00 00 00 00 00 eb 2a 0c 00 01 00 00 00 
0000000100133110	13 2b 0c 00 01 00 00 00 13 2b 0c 00 01 00 00 00 
0000000100133120	26 44 0b 00 01 00 00 00 b2 da 10 00 01 00 00 00 
0000000100133130	00 00 00 00 00 00 00 00 00 00 00 00 01 00 81 00 
0000000100133140	00 00 00 00 00 00 00 00 00 00 00 00 00 00 00 00 
0000000100133150	69 2b 0c 00 01 00 00 00 96 2b 0c 00 01 00 00 00 
0000000100133160	96 2b 0c 00 01 00 00 00 26 44 0b 00 01 00 00 00 
0000000100133170	bd da 10 00 01 00 00 00 00 00 00 00 00 00 00 00 
0000000100133180	00 00 00 00 01 00 81 00 00 00 00 00 00 00 00 00 
0000000100133190	00 00 00 00 00 00 00 00 fd 2b 0c 00 01 00 00 00 
00000001001331a0	36 2c 0c 00 01 00 00 00 36 2c 0c 00 01 00 00 00 
00000001001331b0	26 44 0b 00 01 00 00 00 70 ea 10 00 01 00 00 00 
00000001001331c0	00 00 00 00 00 00 00 00 00 00 00 00 01 00 81 00 
00000001001331d0	00 00 00 00 00 00 00 00 00 00 00 00 00 00 00 00 
00000001001331e0	8d 2c 0c 00 01 00 00 00 b6 2c 0c 00 01 00 00 00 
00000001001331f0	b6 2c 0c 00 01 00 00 00 5c 2d 0c 00 01 00 00 00 
0000000100133200	c8 da 10 00 01 00 00 00 00 00 00 00 00 00 00 00 
0000000100133210	00 00 00 00 01 00 81 00 00 00 00 00 00 00 00 00 
0000000100133220	00 00 00 00 00 00 00 00 80 2d 0c 00 01 00 00 00 
0000000100133230	a9 2d 0c 00 01 00 00 00 a9 2d 0c 00 01 00 00 00 
0000000100133240	1b 2e 0c 00 01 00 00 00 d5 da 10 00 01 00 00 00 
0000000100133250	00 00 00 00 00 00 00 00 01 00 00 00 01 00 81 00 
0000000100133260	00 00 00 00 00 00 00 00 00 00 00 00 00 00 00 00 
0000000100133270	3f 2e 0c 00 01 00 00 00 c3 2e 0c 00 01 00 00 00 
0000000100133280	c3 2e 0c 00 01 00 00 00 8b 2f 0c 00 01 00 00 00 
0000000100133290	df da 10 00 01 00 00 00 00 00 00 00 00 00 00 00 
00000001001332a0	01 00 00 00 01 00 81 00 00 00 00 00 00 00 00 00 
00000001001332b0	00 00 00 00 00 00 00 00 af 2f 0c 00 01 00 00 00 
00000001001332c0	1c 30 0c 00 01 00 00 00 6f 30 0c 00 01 00 00 00 
00000001001332d0	b4 30 0c 00 01 00 00 00 a0 df 10 00 01 00 00 00 
00000001001332e0	00 00 00 00 00 00 00 00 02 00 00 00 01 00 81 00 
00000001001332f0	00 00 00 00 00 00 00 00 00 00 00 00 00 00 00 00 
0000000100133300	f7 30 0c 00 01 00 00 00 d9 31 0c 00 01 00 00 00 
0000000100133310	2c 32 0c 00 01 00 00 00 26 44 0b 00 01 00 00 00 
0000000100133320	20 db 10 00 01 00 00 00 00 00 00 00 00 00 00 00 
0000000100133330	01 00 00 00 01 00 81 00 00 00 00 00 00 00 00 00 
0000000100133340	00 00 00 00 00 00 00 00 32 32 0c 00 01 00 00 00 
0000000100133350	9c 32 0c 00 01 00 00 00 2c 32 0c 00 01 00 00 00 
0000000100133360	26 44 0b 00 01 00 00 00 2a db 10 00 01 00 00 00 
0000000100133370	00 00 00 00 00 00 00 00 01 00 00 00 01 00 81 00 
0000000100133380	00 00 00 00 00 00 00 00 00 00 00 00 00 00 00 00 
0000000100133390	26 44 0b 00 01 00 00 00 2c 32 0c 00 01 00 00 00 
00000001001333a0	2c 32 0c 00 01 00 00 00 26 44 0b 00 01 00 00 00 
00000001001333b0	e5 da 10 00 01 00 00 00 00 00 00 00 00 00 00 00 
00000001001333c0	02 00 00 00 01 00 81 00 00 00 00 00 00 00 00 00 
00000001001333d0	00 00 00 00 00 00 00 00 26 44 0b 00 01 00 00 00 
00000001001333e0	2c 32 0c 00 01 00 00 00 2c 32 0c 00 01 00 00 00 
00000001001333f0	26 44 0b 00 01 00 00 00 e5 da 10 00 01 00 00 00 
0000000100133400	00 00 00 00 00 00 00 00 03 00 00 00 01 00 81 00 
0000000100133410	00 00 00 00 00 00 00 00 00 00 00 00 00 00 00 00 
0000000100133420	26 44 0b 00 01 00 00 00 2c 32 0c 00 01 00 00 00 
0000000100133430	2c 32 0c 00 01 00 00 00 26 44 0b 00 01 00 00 00 
0000000100133440	e5 da 10 00 01 00 00 00 00 00 00 00 00 00 00 00 
0000000100133450	01 00 00 00 01 00 81 00 00 00 00 00 00 00 00 00 
0000000100133460	00 00 00 00 00 00 00 00 26 44 0b 00 01 00 00 00 
0000000100133470	2c 32 0c 00 01 00 00 00 2c 32 0c 00 01 00 00 00 
0000000100133480	26 44 0b 00 01 00 00 00 ea da 10 00 01 00 00 00 
0000000100133490	00 00 00 00 00 00 00 00 02 00 00 00 01 00 81 00 
00000001001334a0	00 00 00 00 00 00 00 00 00 00 00 00 00 00 00 00 
00000001001334b0	26 44 0b 00 01 00 00 00 2c 32 0c 00 01 00 00 00 
00000001001334c0	2c 32 0c 00 01 00 00 00 26 44 0b 00 01 00 00 00 
00000001001334d0	ea da 10 00 01 00 00 00 00 00 00 00 00 00 00 00 
00000001001334e0	03 00 00 00 01 00 81 00 00 00 00 00 00 00 00 00 
00000001001334f0	00 00 00 00 00 00 00 00 26 44 0b 00 01 00 00 00 
0000000100133500	2c 32 0c 00 01 00 00 00 2c 32 0c 00 01 00 00 00 
0000000100133510	26 44 0b 00 01 00 00 00 ea da 10 00 01 00 00 00 
0000000100133520	00 00 00 00 00 00 00 00 00 00 00 00 00 00 00 00 
0000000100133530	ff 00 00 00 01 28 80 00 c0 0b 13 00 01 00 00 00 
0000000100133540	00 00 00 00 00 00 00 00 f2 32 0c 00 01 00 00 00 
0000000100133550	00 00 00 00 00 00 00 00 00 00 00 00 00 00 00 00 
0000000100133560	00 00 00 00 00 00 00 00 c4 15 12 00 01 00 00 00 
0000000100133570	00 00 00 00 00 00 00 00 ff 00 00 00 01 28 80 00 
0000000100133580	c0 0b 13 00 01 00 00 00 00 00 00 00 00 00 00 00 
0000000100133590	62 33 0c 00 01 00 00 00 00 00 00 00 00 00 00 00 
00000001001335a0	00 00 00 00 00 00 00 00 00 00 00 00 00 00 00 00 
00000001001335b0	ce 15 12 00 01 00 00 00 00 00 00 00 00 00 00 00 
00000001001335c0	ff 00 00 00 01 28 80 00 c0 0b 13 00 01 00 00 00 
00000001001335d0	00 00 00 00 00 00 00 00 03 34 0c 00 01 00 00 00 
00000001001335e0	00 00 00 00 00 00 00 00 00 00 00 00 00 00 00 00 
00000001001335f0	00 00 00 00 00 00 00 00 d3 15 12 00 01 00 00 00 
0000000100133600	00 00 00 00 00 00 00 00 ff 00 00 00 01 28 80 00 
0000000100133610	c0 0b 13 00 01 00 00 00 00 00 00 00 00 00 00 00 
0000000100133620	a6 34 0c 00 01 00 00 00 00 00 00 00 00 00 00 00 
0000000100133630	00 00 00 00 00 00 00 00 00 00 00 00 00 00 00 00 
0000000100133640	d8 15 12 00 01 00 00 00 00 00 00 00 00 00 00 00 
0000000100133650	ff 00 00 00 01 28 80 00 c0 0b 13 00 01 00 00 00 
0000000100133660	00 00 00 00 00 00 00 00 6f 35 0c 00 01 00 00 00 
0000000100133670	00 00 00 00 00 00 00 00 00 00 00 00 00 00 00 00 
0000000100133680	00 00 00 00 00 00 00 00 e1 15 12 00 01 00 00 00 
0000000100133690	00 00 00 00 00 00 00 00 00 00 00 00 01 20 80 00 
00000001001336a0	00 00 00 00 00 00 00 00 00 00 00 00 00 00 00 00 
00000001001336b0	90 39 0c 00 01 00 00 00 00 00 00 00 00 00 00 00 
00000001001336c0	00 00 00 00 00 00 00 00 00 00 00 00 00 00 00 00 
00000001001336d0	ea 15 12 00 01 00 00 00 00 00 00 00 00 00 00 00 
00000001001336e0	00 00 00 00 01 20 80 00 00 00 00 00 00 00 00 00 
00000001001336f0	00 00 00 00 00 00 00 00 9e 39 0c 00 01 00 00 00 
0000000100133700	00 00 00 00 00 00 00 00 00 00 00 00 00 00 00 00 
0000000100133710	00 00 00 00 00 00 00 00 f7 15 12 00 01 00 00 00 
0000000100133720	00 00 00 00 00 00 00 00 00 00 00 00 01 20 80 00 
0000000100133730	00 00 00 00 00 00 00 00 00 00 00 00 00 00 00 00 
0000000100133740	ac 39 0c 00 01 00 00 00 00 00 00 00 00 00 00 00 
0000000100133750	00 00 00 00 00 00 00 00 00 00 00 00 00 00 00 00 
0000000100133760	09 16 12 00 01 00 00 00 00 00 00 00 00 00 00 00 
0000000100133770	02 00 00 00 00 00 00 00 00 04 00 00 00 00 00 00 
0000000100133780	00 00 00 00 00 00 00 00 dc 03 12 00 01 00 00 00 
0000000100133790	00 00 00 00 00 00 00 00 fd 4e 0c 00 01 00 00 00 
00000001001337a0	00 00 00 00 00 00 00 00 7f 51 0c 00 01 00 00 00 
00000001001337b0	8d 51 0c 00 01 00 00 00 ae 51 0c 00 01 00 00 00 
00000001001337c0	bd 51 0c 00 01 00 00 00 cc 51 0c 00 01 00 00 00 
00000001001337d0	db 51 0c 00 01 00 00 00 ea 51 0c 00 01 00 00 00 
00000001001337e0	f9 51 0c 00 01 00 00 00 00 00 00 00 00 00 00 00 
00000001001337f0	08 52 0c 00 01 00 00 00 1a 52 0c 00 01 00 00 00 
0000000100133800	00 00 00 00 00 00 00 00 00 00 00 00 00 00 00 00 
0000000100133810	00 00 00 00 00 00 00 00 00 00 00 00 00 00 00 00 
0000000100133820	00 00 00 00 00 00 00 00 00 00 00 00 00 00 00 00 
0000000100133830	00 00 00 00 00 00 00 00 00 00 00 00 00 00 00 00 
0000000100133840	00 00 00 00 00 00 00 00 00 00 00 00 00 00 00 00 
0000000100133850	01 01 01 01 01 01 01 01 01 01 00 00 00 00 00 00 
0000000100133860	00 01 01 01 01 01 01 01 01 01 01 01 01 01 01 01 
0000000100133870	01 01 01 01 01 01 01 01 01 01 01 00 00 00 00 00 
0000000100133880	00 01 01 01 01 01 01 01 01 01 01 01 01 01 01 01 
0000000100133890	01 01 01 01 01 01 01 01 01 01 01 00 00 00 00 00 
00000001001338a0	03 00 00 00 00 00 00 00 95 6a 0f 00 01 00 00 00 
00000001001338b0	af 6a 0f 00 01 00 00 00 c9 6a 0f 00 01 00 00 00 
00000001001338c0	ce 6c 0f 00 01 00 00 00 db 6c 0f 00 01 00 00 00 
00000001001338d0	5a 6d 0f 00 01 00 00 00 b9 6d 0f 00 01 00 00 00 
00000001001338e0	ef 6d 0f 00 01 00 00 00 c8 71 0f 00 01 00 00 00 
00000001001338f0	fa 71 0f 00 01 00 00 00 04 72 0f 00 01 00 00 00 
0000000100133900	78 74 0f 00 01 00 00 00 00 75 0f 00 01 00 00 00 
0000000100133910	13 79 0f 00 01 00 00 00 1e 79 0f 00 01 00 00 00 
0000000100133920	1e 79 0f 00 01 00 00 00 1e 79 0f 00 01 00 00 00 
0000000100133930	00 00 00 00 00 00 00 00 2f 79 0f 00 01 00 00 00 
0000000100133940	9b 79 0f 00 01 00 00 00 00 00 00 00 00 00 00 00 
0000000100133950	00 00 00 00 00 00 00 00 bd 79 0f 00 01 00 00 00 
0000000100133960	00 00 00 00 00 00 00 00 81 bb 0f 00 01 00 00 00 
0000000100133970	81 bb 0f 00 01 00 00 00 fd bb 0f 00 01 00 00 00 
0000000100133980	10 bd 0f 00 01 00 00 00 10 bd 0f 00 01 00 00 00 
0000000100133990	1d bd 0f 00 01 00 00 00 78 bd 0f 00 01 00 00 00 
00000001001339a0	a0 bd 0f 00 01 00 00 00 8c be 0f 00 01 00 00 00 
00000001001339b0	97 be 0f 00 01 00 00 00 a8 be 0f 00 01 00 00 00 
00000001001339c0	69 bf 0f 00 01 00 00 00 78 bf 0f 00 01 00 00 00 
00000001001339d0	1b c1 0f 00 01 00 00 00 00 00 00 00 00 00 00 00 
00000001001339e0	00 00 00 00 00 00 00 00 00 00 00 00 00 00 00 00 
00000001001339f0	00 00 00 00 00 00 00 00 00 00 00 00 00 00 00 00 
0000000100133a00	00 00 00 00 00 00 00 00 00 00 00 00 00 00 00 00 
0000000100133a10	00 00 00 00 00 00 00 00 00 00 00 00 00 00 00 00 
0000000100133a20	00 00 00 00 00 00 00 00 72 c1 0f 00 01 00 00 00 
0000000100133a30	72 c1 0f 00 01 00 00 00 6a c2 0f 00 01 00 00 00 
0000000100133a40	78 c3 0f 00 01 00 00 00 78 c3 0f 00 01 00 00 00 
0000000100133a50	85 c3 0f 00 01 00 00 00 e0 c3 0f 00 01 00 00 00 
0000000100133a60	08 c4 0f 00 01 00 00 00 b3 c5 0f 00 01 00 00 00 
0000000100133a70	85 d0 0f 00 01 00 00 00 8f d0 0f 00 01 00 00 00 
0000000100133a80	d4 d1 0f 00 01 00 00 00 00 00 00 00 00 00 00 00 
0000000100133a90	00 00 00 00 00 00 00 00 00 00 00 00 00 00 00 00 
0000000100133aa0	00 00 00 00 00 00 00 00 00 00 00 00 00 00 00 00 
0000000100133ab0	00 00 00 00 00 00 00 00 00 00 00 00 00 00 00 00 
0000000100133ac0	00 00 00 00 00 00 00 00 00 00 00 00 00 00 00 00 
0000000100133ad0	00 00 00 00 00 00 00 00 00 00 00 00 00 00 00 00 
0000000100133ae0	00 00 00 00 00 00 00 00 00 00 00 00 00 00 00 00 
0000000100133af0	84 04 10 00 01 00 00 00 fb 04 10 00 01 00 00 00 
0000000100133b00	e5 05 10 00 01 00 00 00 00 00 00 00 00 00 00 00 
0000000100133b10	f2 05 10 00 01 00 00 00 3f 06 10 00 01 00 00 00 
0000000100133b20	5e 06 10 00 01 00 00 00 67 09 10 00 01 00 00 00 
0000000100133b30	3b 0a 10 00 01 00 00 00 4c 0a 10 00 01 00 00 00 
0000000100133b40	84 0d 10 00 01 00 00 00 00 00 00 00 00 00 00 00 
0000000100133b50	00 00 00 00 00 00 00 00 00 00 00 00 00 00 00 00 
0000000100133b60	00 00 00 00 00 00 00 00 00 00 00 00 00 00 00 00 
0000000100133b70	00 00 00 00 00 00 00 00 00 00 00 00 00 00 00 00 
0000000100133b80	00 00 00 00 00 00 00 00 00 00 00 00 00 00 00 00 
0000000100133b90	00 00 00 00 00 00 00 00 00 00 00 00 00 00 00 00 
0000000100133ba0	00 00 00 00 00 00 00 00 00 00 00 00 00 00 00 00 
0000000100133bb0	84 04 10 00 01 00 00 00 fb 04 10 00 01 00 00 00 
0000000100133bc0	e5 05 10 00 01 00 00 00 00 00 00 00 00 00 00 00 
0000000100133bd0	8b 10 10 00 01 00 00 00 3f 06 10 00 01 00 00 00 
0000000100133be0	5e 06 10 00 01 00 00 00 67 09 10 00 01 00 00 00 
0000000100133bf0	3b 0a 10 00 01 00 00 00 4c 0a 10 00 01 00 00 00 
0000000100133c00	84 0d 10 00 01 00 00 00 00 00 00 00 00 00 00 00 
0000000100133c10	00 00 00 00 00 00 00 00 00 00 00 00 00 00 00 00 
0000000100133c20	00 00 00 00 00 00 00 00 00 00 00 00 00 00 00 00 
0000000100133c30	00 00 00 00 00 00 00 00 00 00 00 00 00 00 00 00 
0000000100133c40	00 00 00 00 00 00 00 00 00 00 00 00 00 00 00 00 
0000000100133c50	00 00 00 00 00 00 00 00 00 00 00 00 00 00 00 00 
0000000100133c60	00 00 00 00 00 00 00 00 00 00 00 00 00 00 00 00 
0000000100133c70	ab 10 10 00 01 00 00 00 33 11 10 00 01 00 00 00 
0000000100133c80	d8 11 10 00 01 00 00 00 00 00 00 00 00 00 00 00 
0000000100133c90	e5 11 10 00 01 00 00 00 66 12 10 00 01 00 00 00 
0000000100133ca0	85 12 10 00 01 00 00 00 7c 13 10 00 01 00 00 00 
0000000100133cb0	10 14 10 00 01 00 00 00 20 14 10 00 01 00 00 00 
0000000100133cc0	64 16 10 00 01 00 00 00 00 00 00 00 00 00 00 00 
0000000100133cd0	00 00 00 00 00 00 00 00 00 00 00 00 00 00 00 00 
0000000100133ce0	00 00 00 00 00 00 00 00 00 00 00 00 00 00 00 00 
0000000100133cf0	00 00 00 00 00 00 00 00 00 00 00 00 00 00 00 00 
0000000100133d00	00 00 00 00 00 00 00 00 00 00 00 00 00 00 00 00 
0000000100133d10	00 00 00 00 00 00 00 00 00 00 00 00 00 00 00 00 
